396

0.5996158517864575 0.0
0.21196123097665356 0.0
0.41348010264600393 0.0
0.5996158517864575 0.0
0.43036479315632575 0.0
0.26521752578265656 0.0
0.3024185144766928 0.0
0.22840655908858748 0.0
0.43036479315632575 0.0
0.26521752578265645 0.0

0.2929291325489258 0.0
0.28514112089887944 0.0
0.46400033533652796 0.0
0.4640003353365279 0.0
0.2929291325489257 0.0
0.29292913254892583 0.0
0.2929291325489258 0.0
0.46400033533652796 0.0
0.4640003353365279 0.0
0.2851411208988794 0.0

0.46883534153964945 0.0
0.30198888171787863 0.0
0.33438469533059817 0.0
0.33569712225762344 0.0
0.46883534153964945 0.0
0.2384613761873817 0.0
0.4475806521292211 0.0
0.3343846953305983 0.0
0.3356971222576234 0.0
0.310915068304447 0.0

0.41348010264600404 0.0
0.22840655908858742 0.0
0.2652175257826565 0.0
0.2652175257826565 0.0
0.2119612309766535 0.0
0.5996158517864577 0.0
0.5996158517864576 0.0
0.4303647931563258 0.0
0.4303647931563257 0.0
0.3024185144766926 0.0

0.2293390530457214 0.0
0.4367765253620405 0.0
0.44275516558979144 0.0
0.5828974463799654 0.0
0.27806677934781115 0.0
0.29698053041183153 0.0
0.43677652536204065 0.0
0.296980530411831 0.0
0.22933905304572158 0.0
0.442755165589791 0.0

0.4303647931563257 0.0
0.3024185144766927 0.0
0.5996158517864575 0.0
0.26521752578265645 0.0
0.43036479315632575 0.0
0.2119612309766536 0.0
0.22840655908858754 0.0
0.5996158517864575 0.0
0.26521752578265645 0.0
0.41348010264600404 0.0

0.20000000000000004 0.0
0.6 0.0
0.39999999999999997 0.0
0.20000000000000004 0.0
0.7999999999999998 0.0
0.5999999999999999 0.0
0.3999999999999999 0.0
0.19999999999999998 0.0
0.4 0.0
0.20000000000000004 0.0

0.40988076979843935 0.0
0.2509728910831398 0.0
0.3758954269548362 0.0
0.5708507692631123 0.0
0.24133625951499357 0.0
0.40988076979843924 0.0
0.216287201091632 0.0
0.2509728910831398 0.0
0.4198026017894482 0.0
0.5708507692631122 0.0

0.3024185144766927 0.0
0.2652175257826565 0.0
0.43036479315632575 0.0
0.5996158517864576 0.0
0.26521752578265645 0.0
0.4303647931563257 0.0
0.5996158517864575 0.0
0.2284065590885875 0.0
0.4134801026460041 0.0
0.21196123097665354 0.0

0.447580652129221 0.0
0.46883534153964934 0.0
0.23846137618738167 0.0
0.46883534153964945 0.0
0.33569712225762344 0.0
0.31091506830444704 0.0
0.33569712225762327 0.0
0.33438469533059834 0.0
0.3019888817178784 0.0
0.33438469533059845 0.0

0.46400033533652796 0.0
0.28514112089887916 0.0
0.29292913254892594 0.0
0.46400033533652785 0.0
0.4640003353365278 0.0
0.29292913254892594 0.0
0.2851411208988792 0.0
0.2929291325489259 0.0
0.46400033533652785 0.0
0.29292913254892583 0.0

0.20000000000000007 0.0
0.5999999999999998 0.0
0.39999999999999997 0.0
0.20000000000000004 0.0
0.3999999999999999 0.0
0.20000000000000007 0.0
0.4 0.0
0.20000000000000007 0.0
0.7999999999999996 0.0
0.5999999999999999 0.0

0.3740298014065061 0.0
0.3259374841527826 0.0
0.37402980140650616 0.0
0.32593748415278223 0.0
0.37402980140650616 0.0
0.29045719895568795 0.0
0.3740298014065065 0.0
0.3740298014065062 0.0
0.325937484152782 0.0
0.3740298014065063 0.0

0.4 0.0
0.7999999999999999 0.0
0.6 0.0
0.2 0.0
0.39999999999999997 0.0
0.20000000000000004 0.0
0.2 0.0
0.19999999999999998 0.0
0.6 0.0
0.4 0.0

0.2780667793478112 0.0
0.43677652536204054 0.0
0.29698053041183126 0.0
0.2293390530457215 0.0
0.22933905304572144 0.0
0.29698053041183137 0.0
0.43677652536204054 0.0
0.44275516558979117 0.0
0.5828974463799652 0.0
0.44275516558979133 0.0

0.29698053041183115 0.0
0.44275516558979106 0.0
0.442755165589791 0.0
0.29698053041183126 0.0
0.43677652536204054 0.0
0.22933905304572155 0.0
0.2780667793478114 0.0
0.5828974463799652 0.0
0.2293390530457215 0.0
0.4367765253620406 0.0

0.4396214299473248 0.0
0.4001998512015782 0.0
0.2612505662640084 0.0
0.4396214299473248 0.0
0.4396214299473247 0.0
0.3113572924651272 0.0
0.2823908115507984 0.0
0.26125056626400844 0.0
0.4396214299473247 0.0
0.31135729246512733 0.0

0.5828974463799653 0.0
0.43677652536204054 0.0
0.2293390530457215 0.0
0.4427551655897912 0.0
0.22933905304572147 0.0
0.4367765253620406 0.0
0.4427551655897911 0.0
0.2780667793478112 0.0
0.29698053041183115 0.0
0.2969805304118314 0.0

0.46883534153964945 0.0
0.33438469533059834 0.0
0.30198888171787835 0.0
0.3356971222576235 0.0
0.23846137618738164 0.0
0.4688353415396495 0.0
0.447580652129221 0.0
0.33438469533059834 0.0
0.31091506830444676 0.0
0.33569712225762355 0.0

0.5708507692631126 0.0
0.2509728910831398 0.0
0.3758954269548359 0.0
0.40988076979843946 0.0
0.41980260178944834 0.0
0.5708507692631127 0.0
0.2162872010916319 0.0
0.25097289108313975 0.0
0.24133625951499338 0.0
0.4098807697984396 0.0

0.2969805304118313 0.0
0.44275516558979117 0.0
0.2969805304118314 0.0
0.4427551655897912 0.0
0.22933905304572155 0.0
0.2780667793478112 0.0
0.43677652536204037 0.0
0.43677652536204037 0.0
0.5828974463799651 0.0
0.22933905304572155 0.0

0.2509728910831398 0.0
0.25097289108313975 0.0
0.24133625951499338 0.0
0.4198026017894484 0.0
0.375895426954836 0.0
0.40988076979843946 0.0
0.5708507692631127 0.0
0.40988076979843946 0.0
0.5708507692631126 0.0
0.2162872010916319 0.0

0.41980260178944834 0.0
0.24133625951499346 0.0
0.25097289108313975 0.0
0.2509728910831398 0.0
0.2162872010916319 0.0
0.5708507692631126 0.0
0.5708507692631125 0.0
0.4098807697984395 0.0
0.40988076979843935 0.0
0.375895426954836 0.0

0.3861204646541573 0.0
0.29435130880306576 0.0
0.3861204646541572 0.0
0.34576214332621746 0.0
0.38612046465415717 0.0
0.29435130880306604 0.0
0.3457621433262172 0.0
0.3861204646541572 0.0
0.34576214332621763 0.0
0.3457621433262169 0.0

0.5708507692631123 0.0
0.5708507692631124 0.0
0.4198026017894482 0.0
0.21628720109163194 0.0
0.3758954269548362 0.0
0.25097289108313975 0.0
0.40988076979843935 0.0
0.2509728910831398 0.0
0.4098807697984394 0.0
0.24133625951499352 0.0

0.5708507692631125 0.0
0.41980260178944834 0.0
0.5708507692631125 0.0
0.216287201091632 0.0
0.25097289108313975 0.0
0.3758954269548362 0.0
0.4098807697984394 0.0
0.2509728910831398 0.0
0.2413362595149934 0.0
0.4098807697984394 0.0

0.5708507692631122 0.0
0.40988076979843935 0.0
0.3758954269548362 0.0
0.25097289108313975 0.0
0.21628720109163196 0.0
0.5708507692631123 0.0
0.4198026017894483 0.0
0.40988076979843946 0.0
0.24133625951499363 0.0
0.2509728910831398 0.0

0.3024185144766927 0.0
0.5996158517864576 0.0
0.4303647931563257 0.0
0.2652175257826565 0.0
0.5996158517864576 0.0
0.43036479315632575 0.0
0.2652175257826565 0.0
0.21196123097665354 0.0
0.41348010264600404 0.0
0.22840655908858748 0.0

0.6000000000000001 0.0
0.2 0.0
0.19999999999999996 0.0
0.4000000000000001 0.0
0.8000000000000003 0.0
0.39999999999999997 0.0
0.19999999999999998 0.0
0.4000000000000002 0.0
0.6000000000000003 0.0
0.19999999999999993 0.0

0.41250000000000003 0.0
0.4124999999999999 0.0
0.275 0.0
0.4124999999999998 0.0
0.4124999999999999 0.0
0.275 0.0
0.4125 0.0
0.27499999999999997 0.0
0.41250000000000003 0.0
0.27499999999999997 0.0

0.3019888817178787 0.0
0.3356971222576233 0.0
0.33438469533059817 0.0
0.4688353415396494 0.0
0.3356971222576233 0.0
0.3343846953305982 0.0
0.4688353415396495 0.0
0.310915068304447 0.0
0.44758065212922127 0.0
0.23846137618738156 0.0

0.30241851447669277 0.0
0.26521752578265656 0.0
0.5996158517864575 0.0
0.4303647931563257 0.0
0.26521752578265656 0.0
0.5996158517864574 0.0
0.43036479315632564 0.0
0.413480102646004 0.0
0.2284065590885875 0.0
0.21196123097665356 0.0

0.21196123097665354 0.0
0.4303647931563256 0.0
0.4303647931563256 0.0
0.22840655908858754 0.0
0.5996158517864574 0.0
0.5996158517864574 0.0
0.41348010264600416 0.0
0.30241851447669305 0.0
0.26521752578265645 0.0
0.2652175257826564 0.0

0.4396214299473248 0.0
0.31135729246512733 0.0
0.4396214299473248 0.0
0.2823908115507985 0.0
0.26125056626400844 0.0
0.40019985120157797 0.0
0.43962142994732467 0.0
0.2612505662640085 0.0
0.3113572924651273 0.0
0.43962142994732467 0.0

0.4303647931563257 0.0
0.26521752578265645 0.0
0.3024185144766927 0.0
0.5996158517864576 0.0
0.22840655908858742 0.0
0.43036479315632575 0.0
0.21196123097665354 0.0
0.2652175257826565 0.0
0.41348010264600404 0.0
0.5996158517864577 0.0

0.3268218257459485 0.0
0.323530839147726 0.0
0.4618784451669475 0.0
0.32353083914772574 0.0
0.32682182574594876 0.0
0.23830666981813375 0.0
0.3268218257459487 0.0
0.46187844516694776 0.0
0.3235308391477254 0.0
0.46187844516694776 0.0

0.30241851447669266 0.0
0.43036479315632575 0.0
0.5996158517864575 0.0
0.2652175257826565 0.0
0.43036479315632575 0.0
0.5996158517864575 0.0
0.2652175257826565 0.0
0.21196123097665354 0.0
0.2284065590885875 0.0
0.413480102646004 0.0

0.4367765253620405 0.0
0.29698053041183137 0.0
0.22933905304572152 0.0
0.27806677934781104 0.0
0.44275516558979133 0.0
0.5828974463799653 0.0
0.2293390530457215 0.0
0.44275516558979133 0.0
0.29698053041183126 0.0
0.4367765253620404 0.0

0.32682182574594854 0.0
0.3268218257459485 0.0
0.3268218257459488 0.0
0.23830666981813367 0.0
0.3235308391477261 0.0
0.32353083914772546 0.0
0.4618784451669478 0.0
0.32353083914772557 0.0
0.4618784451669476 0.0
0.46187844516694804 0.0

0.3235308391477255 0.0
0.32353083914772623 0.0
0.4618784451669476 0.0
0.3268218257459485 0.0
0.32353083914772546 0.0
0.46187844516694804 0.0
0.3268218257459488 0.0
0.46187844516694765 0.0
0.3268218257459485 0.0
0.2383066698181337 0.0

0.19999999999999993 0.0
0.19999999999999993 0.0
0.4000000000000001 0.0
0.4 0.0
0.4000000000000001 0.0
0.6000000000000003 0.0
0.19999999999999993 0.0
0.19999999999999998 0.0
0.6000000000000001 0.0
0.8000000000000004 0.0

0.2509728910831398 0.0
0.4098807697984394 0.0
0.37589542695483585 0.0
0.5708507692631126 0.0
0.24133625951499338 0.0
0.25097289108313975 0.0
0.4198026017894484 0.0
0.4098807697984396 0.0
0.21628720109163194 0.0
0.5708507692631128 0.0

0.2413362595149935 0.0
0.41980260178944834 0.0
0.2509728910831398 0.0
0.25097289108313975 0.0
0.2162872010916319 0.0
0.4098807697984395 0.0
0.40988076979843935 0.0
0.5708507692631125 0.0
0.5708507692631124 0.0
0.37589542695483613 0.0

0.19999999999999998 0.0
0.40000000000000013 0.0
0.19999999999999998 0.0
0.6000000000000002 0.0
0.6 0.0
0.39999999999999997 0.0
0.8 0.0
0.19999999999999996 0.0
0.19999999999999998 0.0
0.40000000000000013 0.0

0.5708507692631126 0.0
0.37589542695483597 0.0
0.25097289108313975 0.0
0.40988076979843946 0.0
0.5708507692631127 0.0
0.41980260178944834 0.0
0.21628720109163185 0.0
0.25097289108313975 0.0
0.4098807697984395 0.0
0.24133625951499343 0.0

0.5996158517864576 0.0
0.5996158517864576 0.0
0.21196123097665348 0.0
0.4134801026460041 0.0
0.30241851447669277 0.0
0.4303647931563257 0.0
0.26521752578265656 0.0
0.4303647931563257 0.0
0.26521752578265645 0.0
0.22840655908858748 0.0

0.2969805304118313 0.0
0.4427551655897912 0.0
0.29698053041183126 0.0
0.4427551655897913 0.0
0.43677652536204054 0.0
0.27806677934781115 0.0
0.22933905304572147 0.0
0.22933905304572155 0.0
0.5828974463799652 0.0
0.4367765253620404 0.0

0.8 0.0
0.19999999999999998 0.0
0.4 0.0
0.6000000000000001 0.0
0.6000000000000001 0.0
0.39999999999999997 0.0
0.19999999999999996 0.0
0.2 0.0
0.40000000000000013 0.0
0.2 0.0

0.3113572924651272 0.0
0.26125056626400844 0.0
0.26125056626400844 0.0
0.31135729246512717 0.0
0.4396214299473248 0.0
0.4396214299473249 0.0
0.2823908115507984 0.0
0.4001998512015781 0.0
0.43962142994732467 0.0
0.43962142994732484 0.0

0.23846137618738175 0.0
0.3343846953305982 0.0
0.3343846953305985 0.0
0.3109150683044468 0.0
0.46883534153964934 0.0
0.4688353415396496 0.0
0.4475806521292208 0.0
0.3019888817178784 0.0
0.33569712225762355 0.0
0.3356971222576234 0.0

0.31091506830444693 0.0
0.33438469533059806 0.0
0.2384613761873817 0.0
0.3343846953305979 0.0
0.33569712225762327 0.0
0.44758065212922143 0.0
0.3356971222576233 0.0
0.4688353415396497 0.0
0.30198888171787897 0.0
0.4688353415396495 0.0

0.2969805304118313 0.0
0.43677652536204054 0.0
0.2780667793478112 0.0
0.22933905304572155 0.0
0.4427551655897912 0.0
0.2969805304118312 0.0
0.4427551655897911 0.0
0.2293390530457215 0.0
0.5828974463799652 0.0
0.4367765253620404 0.0

0.275 0.0
0.275 0.0
0.275 0.0
0.27499999999999997 0.0
0.41250000000000003 0.0
0.41250000000000003 0.0
0.41249999999999976 0.0
0.41250000000000014 0.0
0.4124999999999999 0.0
0.41249999999999987 0.0

0.41980260178944845 0.0
0.21628720109163196 0.0
0.5708507692631125 0.0
0.5708507692631124 0.0
0.2413362595149935 0.0
0.25097289108313975 0.0
0.2509728910831398 0.0
0.4098807697984394 0.0
0.4098807697984393 0.0
0.37589542695483613 0.0

0.4198026017894483 0.0
0.25097289108313986 0.0
0.24133625951499343 0.0
0.2509728910831398 0.0
0.5708507692631126 0.0
0.21628720109163185 0.0
0.5708507692631126 0.0
0.40988076979843957 0.0
0.37589542695483563 0.0
0.4098807697984396 0.0

0.6 0.0
0.4000000000000001 0.0
0.19999999999999996 0.0
0.2 0.0
0.20000000000000004 0.0
0.7999999999999999 0.0
0.3999999999999999 0.0
0.6 0.0
0.19999999999999998 0.0
0.4000000000000001 0.0

0.4427551655897911 0.0
0.29698053041183103 0.0
0.2969805304118314 0.0
0.44275516558979133 0.0
0.22933905304572152 0.0
0.4367765253620406 0.0
0.5828974463799654 0.0
0.2780667793478111 0.0
0.43677652536204054 0.0
0.22933905304572144 0.0

0.3343846953305983 0.0
0.3356971222576236 0.0
0.3019888817178785 0.0
0.4688353415396495 0.0
0.3109150683044467 0.0
0.3343846953305982 0.0
0.23846137618738172 0.0
0.33569712225762344 0.0
0.44758065212922105 0.0
0.4688353415396494 0.0

0.26125056626400844 0.0
0.26125056626400844 0.0
0.31135729246512733 0.0
0.31135729246512733 0.0
0.40019985120157836 0.0
0.4396214299473247 0.0
0.4396214299473246 0.0
0.4396214299473246 0.0
0.4396214299473246 0.0
0.28239081155079854 0.0

0.21628720109163188 0.0
0.5708507692631127 0.0
0.5708507692631126 0.0
0.41980260178944834 0.0
0.40988076979843957 0.0
0.40988076979843957 0.0
0.24133625951499346 0.0
0.3758954269548356 0.0
0.25097289108313986 0.0
0.2509728910831398 0.0

0.43036479315632575 0.0
0.2652175257826566 0.0
0.5996158517864576 0.0
0.30241851447669255 0.0
0.2284065590885875 0.0
0.2119612309766535 0.0
0.43036479315632575 0.0
0.41348010264600404 0.0
0.2652175257826565 0.0
0.5996158517864575 0.0

0.2612505662640085 0.0
0.43962142994732467 0.0
0.4001998512015782 0.0
0.43962142994732467 0.0
0.3113572924651271 0.0
0.26125056626400844 0.0
0.31135729246512717 0.0
0.4396214299473249 0.0
0.2823908115507986 0.0
0.439621429947325 0.0

0.4396214299473248 0.0
0.43962142994732456 0.0
0.3113572924651272 0.0
0.28239081155079854 0.0
0.400199851201578 0.0
0.26125056626400844 0.0
0.4396214299473248 0.0
0.2612505662640085 0.0
0.4396214299473246 0.0
0.3113572924651273 0.0

0.37589542695483613 0.0
0.2509728910831398 0.0
0.5708507692631124 0.0
0.4098807697984394 0.0
0.25097289108313975 0.0
0.5708507692631125 0.0
0.40988076979843946 0.0
0.4198026017894483 0.0
0.24133625951499343 0.0
0.21628720109163194 0.0

0.5999999999999999 0.0
0.2 0.0
0.39999999999999997 0.0
0.7999999999999997 0.0
0.39999999999999997 0.0
0.20000000000000004 0.0
0.2 0.0
0.20000000000000004 0.0
0.5999999999999999 0.0
0.3999999999999999 0.0

0.39999999999999997 0.0
0.2 0.0
0.2 0.0
0.6000000000000001 0.0
0.6 0.0
0.19999999999999996 0.0
0.2 0.0
0.39999999999999997 0.0
0.8 0.0
0.40000000000000013 0.0

0.21628720109163194 0.0
0.4098807697984394 0.0
0.4098807697984394 0.0
0.24133625951499355 0.0
0.5708507692631123 0.0
0.5708507692631123 0.0
0.4198026017894482 0.0
0.3758954269548361 0.0
0.25097289108313986 0.0
0.2509728910831398 0.0

0.6 0.0
0.19999999999999996 0.0
0.7999999999999997 0.0
0.4000000000000001 0.0
0.39999999999999997 0.0
0.2000000000000001 0.0
0.20000000000000007 0.0
0.5999999999999998 0.0
0.20000000000000007 0.0
0.39999999999999986 0.0

0.4 0.0
0.6 0.0
0.7999999999999998 0.0
0.19999999999999996 0.0
0.20000000000000004 0.0
0.39999999999999997 0.0
0.19999999999999998 0.0
0.19999999999999998 0.0
0.4000000000000001 0.0
0.6 0.0

0.413480102646004 0.0
0.5996158517864575 0.0
0.5996158517864574 0.0
0.21196123097665354 0.0
0.2652175257826565 0.0
0.2652175257826565 0.0
0.2284065590885875 0.0
0.30241851447669266 0.0
0.43036479315632575 0.0
0.4303647931563257 0.0

0.26521752578265645 0.0
0.5996158517864576 0.0
0.43036479315632575 0.0
0.30241851447669277 0.0
0.41348010264600404 0.0
0.22840655908858748 0.0
0.26521752578265645 0.0
0.21196123097665356 0.0
0.5996158517864576 0.0
0.4303647931563257 0.0

0.22933905304572144 0.0
0.5828974463799654 0.0
0.4427551655897912 0.0
0.43677652536204065 0.0
0.4367765253620406 0.0
0.29698053041183126 0.0
0.2780667793478112 0.0
0.44275516558979117 0.0
0.22933905304572147 0.0
0.29698053041183115 0.0

0.3356971222576236 0.0
0.3356971222576235 0.0
0.3109150683044467 0.0
0.44758065212922105 0.0
0.30198888171787835 0.0
0.3343846953305982 0.0
0.4688353415396495 0.0
0.33438469533059834 0.0
0.4688353415396497 0.0
0.23846137618738167 0.0

0.2 0.0
0.2 0.0
0.39999999999999997 0.0
0.6 0.0
0.3999999999999999 0.0
0.6 0.0
0.7999999999999999 0.0
0.20000000000000004 0.0
0.4 0.0
0.19999999999999996 0.0

0.35000000000000014 0.0
0.34999999999999987 0.0
0.3499999999999999 0.0
0.3499999999999999 0.0
0.35000000000000003 0.0
0.34999999999999987 0.0
0.35 0.0
0.35 0.0
0.3500000000000002 0.0
0.3500000000000001 0.0

0.4427551655897913 0.0
0.4367765253620404 0.0
0.2293390530457215 0.0
0.5828974463799652 0.0
0.2969805304118312 0.0
0.29698053041183137 0.0
0.44275516558979117 0.0
0.27806677934781115 0.0
0.2293390530457215 0.0
0.43677652536204054 0.0

0.26521752578265656 0.0
0.22840655908858745 0.0
0.413480102646004 0.0
0.2652175257826565 0.0
0.4303647931563258 0.0
0.5996158517864576 0.0
0.30241851447669266 0.0
0.21196123097665356 0.0
0.4303647931563257 0.0
0.5996158517864575 0.0

0.37589542695483597 0.0
0.2509728910831398 0.0
0.40988076979843946 0.0
0.5708507692631125 0.0
0.25097289108313975 0.0
0.40988076979843946 0.0
0.5708507692631125 0.0
0.24133625951499352 0.0
0.4198026017894484 0.0
0.2162872010916319 0.0

0.3758954269548358 0.0
0.5708507692631125 0.0
0.4098807697984394 0.0
0.25097289108313975 0.0
0.5708507692631126 0.0
0.4098807697984395 0.0
0.2509728910831398 0.0
0.21628720109163188 0.0
0.4198026017894484 0.0
0.2413362595149935 0.0

0.4098807697984396 0.0
0.2162872010916319 0.0
0.40988076979843946 0.0
0.2413362595149934 0.0
0.5708507692631127 0.0
0.37589542695483585 0.0
0.25097289108313975 0.0
0.5708507692631126 0.0
0.41980260178944834 0.0
0.2509728910831398 0.0

0.2652175257826565 0.0
0.41348010264600404 0.0
0.26521752578265645 0.0
0.22840655908858745 0.0
0.5996158517864576 0.0
0.3024185144766927 0.0
0.43036479315632575 0.0
0.5996158517864575 0.0
0.21196123097665348 0.0
0.4303647931563257 0.0

0.2652175257826565 0.0
0.30241851447669255 0.0
0.5996158517864577 0.0
0.43036479315632575 0.0
0.26521752578265656 0.0
0.4134801026460041 0.0
0.22840655908858742 0.0
0.5996158517864577 0.0
0.43036479315632575 0.0
0.2119612309766535 0.0

0.32353083914772557 0.0
0.3268218257459486 0.0
0.46187844516694737 0.0
0.323530839147726 0.0
0.326821825745949 0.0
0.4618784451669479 0.0
0.32353083914772546 0.0
0.23830666981813367 0.0
0.3268218257459487 0.0
0.46187844516694754 0.0

0.3268218257459488 0.0
0.32682182574594876 0.0
0.23830666981813375 0.0
0.32682182574594837 0.0
0.3235308391477253 0.0
0.4618784451669478 0.0
0.3235308391477259 0.0
0.46187844516694787 0.0
0.32353083914772596 0.0
0.4618784451669474 0.0

0.4 0.0
0.19999999999999998 0.0
0.7999999999999998 0.0
0.5999999999999999 0.0
0.19999999999999998 0.0
0.4 0.0
0.2 0.0
0.5999999999999999 0.0
0.39999999999999997 0.0
0.2 0.0

0.5996158517864575 0.0
0.2652175257826566 0.0
0.3024185144766925 0.0
0.4303647931563258 0.0
0.41348010264600393 0.0
0.5996158517864574 0.0
0.2119612309766536 0.0
0.26521752578265656 0.0
0.22840655908858754 0.0
0.4303647931563257 0.0

0.5828974463799652 0.0
0.22933905304572152 0.0
0.4367765253620404 0.0
0.44275516558979117 0.0
0.43677652536204054 0.0
0.2293390530457215 0.0
0.4427551655897913 0.0
0.27806677934781115 0.0
0.29698053041183126 0.0
0.2969805304118313 0.0

0.28514112089887933 0.0
0.2929291325489259 0.0
0.46400033533652785 0.0
0.4640003353365279 0.0
0.29292913254892583 0.0
0.46400033533652796 0.0
0.464000335336528 0.0
0.2929291325489258 0.0
0.2929291325489258 0.0
0.2851411208988795 0.0

0.4475806521292215 0.0
0.33569712225762305 0.0
0.3109150683044473 0.0
0.33569712225762305 0.0
0.4688353415396494 0.0
0.2384613761873816 0.0
0.46883534153964945 0.0
0.334384695330598 0.0
0.301988881717879 0.0
0.3343846953305981 0.0

0.3457621433262173 0.0
0.3457621433262171 0.0
0.3457621433262173 0.0
0.34576214332621724 0.0
0.3861204646541572 0.0
0.29435130880306576 0.0
0.3861204646541572 0.0
0.38612046465415734 0.0
0.29435130880306604 0.0
0.38612046465415734 0.0

0.4098807697984395 0.0
0.5708507692631126 0.0
0.3758954269548358 0.0
0.2509728910831398 0.0
0.2162872010916319 0.0
0.40988076979843946 0.0
0.2413362595149934 0.0
0.5708507692631126 0.0
0.4198026017894483 0.0
0.2509728910831398 0.0

0.33438469533059856 0.0
0.3109150683044465 0.0
0.3343846953305983 0.0
0.23846137618738178 0.0
0.3356971222576237 0.0
0.301988881717878 0.0
0.46883534153964973 0.0
0.3356971222576237 0.0
0.4475806521292206 0.0
0.46883534153964945 0.0

0.5708507692631124 0.0
0.5708507692631124 0.0
0.21628720109163196 0.0
0.4198026017894482 0.0
0.3758954269548361 0.0
0.40988076979843946 0.0
0.2509728910831398 0.0
0.4098807697984394 0.0
0.2509728910831398 0.0
0.2413362595149935 0.0

0.43677652536204054 0.0
0.5828974463799653 0.0
0.22933905304572152 0.0
0.4427551655897909 0.0
0.22933905304572147 0.0
0.2780667793478112 0.0
0.2969805304118315 0.0
0.43677652536204054 0.0
0.44275516558979133 0.0
0.2969805304118311 0.0

0.4134801026460041 0.0
0.26521752578265645 0.0
0.2652175257826564 0.0
0.2284065590885875 0.0
0.5996158517864575 0.0
0.5996158517864574 0.0
0.2119612309766535 0.0
0.3024185144766929 0.0
0.4303647931563257 0.0
0.43036479315632564 0.0

0.3740298014065063 0.0
0.3740298014065064 0.0
0.29045719895568817 0.0
0.37402980140650605 0.0
0.3259374841527821 0.0
0.3740298014065062 0.0
0.32593748415278234 0.0
0.3740298014065062 0.0
0.3259374841527825 0.0
0.37402980140650605 0.0

0.6000000000000002 0.0
0.8000000000000004 0.0
0.40000000000000013 0.0
0.19999999999999996 0.0
0.2 0.0
0.19999999999999993 0.0
0.4 0.0
0.4 0.0
0.6000000000000001 0.0
0.19999999999999993 0.0

0.3113572924651273 0.0
0.43962142994732484 0.0
0.2823908115507986 0.0
0.43962142994732484 0.0
0.26125056626400844 0.0
0.3113572924651271 0.0
0.26125056626400844 0.0
0.4396214299473247 0.0
0.40019985120157814 0.0
0.4396214299473247 0.0

0.21196123097665356 0.0
0.5996158517864575 0.0
0.5996158517864575 0.0
0.41348010264600393 0.0
0.4303647931563257 0.0
0.4303647931563258 0.0
0.22840655908858748 0.0
0.30241851447669243 0.0
0.26521752578265667 0.0
0.26521752578265656 0.0

0.43036479315632564 0.0
0.2284065590885875 0.0
0.21196123097665356 0.0
0.43036479315632564 0.0
0.2652175257826565 0.0
0.5996158517864575 0.0
0.3024185144766928 0.0
0.4134801026460041 0.0
0.2652175257826565 0.0
0.5996158517864575 0.0

0.25097289108313975 0.0
0.40988076979843946 0.0
0.5708507692631125 0.0
0.37589542695483624 0.0
0.24133625951499346 0.0
0.4198026017894483 0.0
0.2509728910831398 0.0
0.216287201091632 0.0
0.4098807697984394 0.0
0.5708507692631124 0.0

0.37402980140650655 0.0
0.32593748415278184 0.0
0.3259374841527824 0.0
0.37402980140650643 0.0
0.3740298014065064 0.0
0.37402980140650605 0.0
0.29045719895568783 0.0
0.3259374841527825 0.0
0.3740298014065063 0.0
0.37402980140650594 0.0

0.5999999999999998 0.0
0.2 0.0
0.2 0.0
0.39999999999999997 0.0
0.3999999999999999 0.0
0.7999999999999998 0.0
0.19999999999999998 0.0
0.4000000000000001 0.0
0.20000000000000007 0.0
0.6 0.0

0.2943513088030659 0.0
0.3861204646541574 0.0
0.38612046465415734 0.0
0.34576214332621735 0.0
0.3861204646541573 0.0
0.3861204646541572 0.0
0.3457621433262172 0.0
0.2943513088030659 0.0
0.34576214332621713 0.0
0.34576214332621713 0.0

0.19999999999999993 0.0
0.20000000000000004 0.0
0.39999999999999997 0.0
0.6 0.0
0.4 0.0
0.19999999999999998 0.0
0.4 0.0
0.6 0.0
0.8 0.0
0.20000000000000004 0.0

0.22933905304572155 0.0
0.2969805304118313 0.0
0.43677652536204037 0.0
0.27806677934781115 0.0
0.44275516558979133 0.0
0.5828974463799651 0.0
0.4367765253620404 0.0
0.4427551655897913 0.0
0.29698053041183137 0.0
0.2293390530457215 0.0

0.40988076979843946 0.0
0.2413362595149935 0.0
0.40988076979843935 0.0
0.21628720109163196 0.0
0.2509728910831398 0.0
0.375895426954836 0.0
0.5708507692631125 0.0
0.2509728910831398 0.0
0.4198026017894483 0.0
0.5708507692631124 0.0

0.3113572924651272 0.0
0.28239081155079865 0.0
0.4396214299473246 0.0
0.4396214299473249 0.0
0.31135729246512717 0.0
0.2612505662640085 0.0
0.26125056626400844 0.0
0.4396214299473245 0.0
0.43962142994732484 0.0
0.4001998512015783 0.0

0.23830666981813364 0.0
0.3268218257459486 0.0
0.3268218257459485 0.0
0.3268218257459489 0.0
0.46187844516694765 0.0
0.4618784451669474 0.0
0.4618784451669479 0.0
0.3235308391477261 0.0
0.3235308391477253 0.0
0.32353083914772585 0.0

0.2284065590885875 0.0
0.4303647931563256 0.0
0.43036479315632564 0.0
0.21196123097665356 0.0
0.26521752578265645 0.0
0.26521752578265645 0.0
0.4134801026460041 0.0
0.30241851447669277 0.0
0.5996158517864576 0.0
0.5996158517864575 0.0

0.29698053041183137 0.0
0.29698053041183126 0.0
0.4427551655897913 0.0
0.4427551655897912 0.0
0.2780667793478111 0.0
0.2293390530457215 0.0
0.43677652536204054 0.0
0.4367765253620405 0.0
0.2293390530457215 0.0
0.5828974463799653 0.0

0.20000000000000004 0.0
0.20000000000000007 0.0
0.39999999999999997 0.0
0.3999999999999999 0.0
0.4000000000000001 0.0
0.19999999999999998 0.0
0.5999999999999999 0.0
0.5999999999999999 0.0
0.2 0.0
0.7999999999999997 0.0

0.46187844516694787 0.0
0.4618784451669479 0.0
0.2383066698181337 0.0
0.46187844516694737 0.0
0.3235308391477253 0.0
0.3268218257459487 0.0
0.3235308391477261 0.0
0.32682182574594876 0.0
0.3235308391477259 0.0
0.32682182574594826 0.0

0.40988076979843957 0.0
0.3758954269548361 0.0
0.5708507692631125 0.0
0.25097289108313975 0.0
0.40988076979843946 0.0
0.2162872010916319 0.0
0.24133625951499346 0.0
0.5708507692631125 0.0
0.2509728910831398 0.0
0.4198026017894483 0.0

0.2652175257826565 0.0
0.2652175257826565 0.0
0.4134801026460041 0.0
0.22840655908858737 0.0
0.3024185144766927 0.0
0.5996158517864577 0.0
0.43036479315632575 0.0
0.5996158517864577 0.0
0.43036479315632575 0.0
0.2119612309766535 0.0

0.46187844516694765 0.0
0.32353083914772535 0.0
0.3268218257459486 0.0
0.32353083914772623 0.0
0.46187844516694804 0.0
0.23830666981813367 0.0
0.4618784451669474 0.0
0.32682182574594904 0.0
0.3235308391477255 0.0
0.3268218257459484 0.0

0.8000000000000002 0.0
0.6000000000000001 0.0
0.19999999999999996 0.0
0.4 0.0
0.2 0.0
0.6000000000000001 0.0
0.4 0.0
0.4 0.0
0.19999999999999996 0.0
0.19999999999999998 0.0

0.4396214299473248 0.0
0.31135729246512717 0.0
0.2823908115507986 0.0
0.4396214299473246 0.0
0.2612505662640085 0.0
0.43962142994732495 0.0
0.40019985120157797 0.0
0.3113572924651272 0.0
0.26125056626400855 0.0
0.43962142994732467 0.0

0.32353083914772574 0.0
0.46187844516694787 0.0
0.3235308391477254 0.0
0.3268218257459488 0.0
0.46187844516694754 0.0
0.32353083914772607 0.0
0.32682182574594854 0.0
0.46187844516694765 0.0
0.23830666981813367 0.0
0.32682182574594865 0.0

0.40988076979843946 0.0
0.2413362595149934 0.0
0.21628720109163188 0.0
0.40988076979843957 0.0
0.2509728910831398 0.0
0.5708507692631126 0.0
0.3758954269548358 0.0
0.41980260178944834 0.0
0.2509728910831398 0.0
0.5708507692631127 0.0

0.3259374841527822 0.0
0.37402980140650605 0.0
0.37402980140650605 0.0
0.3259374841527825 0.0
0.37402980140650643 0.0
0.3740298014065063 0.0
0.3259374841527823 0.0
0.2904571989556881 0.0
0.37402980140650616 0.0
0.3740298014065061 0.0

0.43962142994732445 0.0
0.28239081155079854 0.0
0.43962142994732495 0.0
0.3113572924651272 0.0
0.43962142994732456 0.0
0.4001998512015783 0.0
0.2612505662640085 0.0
0.439621429947325 0.0
0.3113572924651272 0.0
0.26125056626400833 0.0

0.19999999999999998 0.0
0.39999999999999997 0.0
0.20000000000000007 0.0
0.4000000000000001 0.0
0.6 0.0
0.4 0.0
0.19999999999999996 0.0
0.2 0.0
0.7999999999999999 0.0
0.6000000000000001 0.0

0.34576214332621735 0.0
0.38612046465415745 0.0
0.2943513088030659 0.0
0.3861204646541574 0.0
0.3457621433262171 0.0
0.34576214332621735 0.0
0.34576214332621696 0.0
0.3861204646541573 0.0
0.29435130880306604 0.0
0.3861204646541572 0.0

0.2969805304118312 0.0
0.2780667793478111 0.0
0.22933905304572152 0.0
0.43677652536204054 0.0
0.29698053041183126 0.0
0.4427551655897912 0.0
0.44275516558979133 0.0
0.4367765253620406 0.0
0.22933905304572147 0.0
0.5828974463799653 0.0

0.2929291325489259 0.0
0.46400033533652807 0.0
0.28514112089887933 0.0
0.4640003353365279 0.0
0.2929291325489259 0.0
0.2929291325489258 0.0
0.2929291325489257 0.0
0.46400033533652796 0.0
0.28514112089887933 0.0
0.4640003353365278 0.0

0.25097289108313975 0.0
0.2413362595149935 0.0
0.4198026017894483 0.0
0.2509728910831398 0.0
0.4098807697984395 0.0
0.5708507692631126 0.0
0.3758954269548361 0.0
0.2162872010916319 0.0
0.40988076979843935 0.0
0.5708507692631124 0.0

0.2612505662640085 0.0
0.3113572924651273 0.0
0.31135729246512733 0.0
0.26125056626400855 0.0
0.4396214299473246 0.0
0.4396214299473248 0.0
0.400199851201578 0.0
0.28239081155079854 0.0
0.4396214299473246 0.0
0.4396214299473246 0.0

0.4427551655897912 0.0
0.2293390530457215 0.0
0.4367765253620405 0.0
0.5828974463799651 0.0
0.2969805304118314 0.0
0.29698053041183115 0.0
0.44275516558979106 0.0
0.27806677934781115 0.0
0.4367765253620405 0.0
0.2293390530457216 0.0

0.5999999999999998 0.0
0.39999999999999997 0.0
0.20000000000000004 0.0
0.7999999999999999 0.0
0.2 0.0
0.3999999999999999 0.0
0.20000000000000004 0.0
0.20000000000000007 0.0
0.4 0.0
0.5999999999999999 0.0

0.3861204646541574 0.0
0.3457621433262176 0.0
0.29435130880306565 0.0
0.3861204646541572 0.0
0.345762143326217 0.0
0.3861204646541574 0.0
0.29435130880306604 0.0
0.34576214332621746 0.0
0.3457621433262169 0.0
0.3861204646541573 0.0

0.26521752578265645 0.0
0.5996158517864575 0.0
0.30241851447669277 0.0
0.4303647931563257 0.0
0.4134801026460041 0.0
0.26521752578265645 0.0
0.2284065590885875 0.0
0.5996158517864575 0.0
0.21196123097665354 0.0
0.43036479315632564 0.0

0.5999999999999998 0.0
0.7999999999999996 0.0
0.20000000000000007 0.0
0.39999999999999986 0.0
0.2 0.0
0.3999999999999999 0.0
0.20000000000000012 0.0
0.5999999999999998 0.0
0.4 0.0
0.20000000000000007 0.0

0.22933905304572147 0.0
0.43677652536204054 0.0
0.29698053041183126 0.0
0.2780667793478111 0.0
0.5828974463799653 0.0
0.4427551655897914 0.0
0.43677652536204054 0.0
0.4427551655897912 0.0
0.22933905304572152 0.0
0.2969805304118313 0.0

0.3457621433262174 0.0
0.29435130880306576 0.0
0.38612046465415717 0.0
0.3861204646541572 0.0
0.34576214332621735 0.0
0.3457621433262171 0.0
0.34576214332621713 0.0
0.3861204646541574 0.0
0.3861204646541573 0.0
0.2943513088030661 0.0

0.23846137618738167 0.0
0.4475806521292214 0.0
0.46883534153964945 0.0
0.46883534153964945 0.0
0.31091506830444704 0.0
0.33438469533059817 0.0
0.33438469533059817 0.0
0.3356971222576232 0.0
0.3356971222576233 0.0
0.30198888171787885 0.0

0.4367765253620405 0.0
0.2293390530457215 0.0
0.5828974463799653 0.0
0.44275516558979117 0.0
0.2780667793478111 0.0
0.22933905304572147 0.0
0.29698053041183137 0.0
0.4367765253620405 0.0
0.29698053041183126 0.0
0.44275516558979144 0.0

0.43677652536204054 0.0
0.27806677934781115 0.0
0.22933905304572144 0.0
0.2969805304118313 0.0
0.22933905304572152 0.0
0.5828974463799653 0.0
0.442755165589791 0.0
0.4367765253620406 0.0
0.29698053041183115 0.0
0.44275516558979133 0.0

0.29292913254892583 0.0
0.2929291325489258 0.0
0.29292913254892594 0.0
0.2929291325489257 0.0
0.4640003353365279 0.0
0.2851411208988793 0.0
0.46400033533652785 0.0
0.4640003353365279 0.0
0.28514112089887944 0.0
0.4640003353365279 0.0

0.4688353415396492 0.0
0.44758065212922127 0.0
0.46883534153964945 0.0
0.23846137618738167 0.0
0.335697122257623 0.0
0.3019888817178789 0.0
0.33438469533059817 0.0
0.33569712225762305 0.0
0.3109150683044473 0.0
0.33438469533059834 0.0

0.345762143326217 0.0
0.3457621433262173 0.0
0.3457621433262174 0.0
0.3457621433262173 0.0
0.38612046465415717 0.0
0.3861204646541572 0.0
0.29435130880306604 0.0
0.2943513088030659 0.0
0.38612046465415717 0.0
0.38612046465415717 0.0

0.5996158517864576 0.0
0.43036479315632575 0.0
0.3024185144766926 0.0
0.26521752578265656 0.0
0.21196123097665362 0.0
0.5996158517864575 0.0
0.41348010264600404 0.0
0.4303647931563257 0.0
0.22840655908858742 0.0
0.26521752578265656 0.0

0.21196123097665362 0.0
0.41348010264600393 0.0
0.5996158517864574 0.0
0.5996158517864573 0.0
0.2284065590885876 0.0
0.4303647931563257 0.0
0.4303647931563256 0.0
0.26521752578265656 0.0
0.26521752578265645 0.0
0.3024185144766928 0.0

0.44758065212922094 0.0
0.31091506830444704 0.0
0.3356971222576234 0.0
0.33569712225762327 0.0
0.23846137618738175 0.0
0.4688353415396494 0.0
0.4688353415396493 0.0
0.3343846953305984 0.0
0.3343846953305983 0.0
0.3019888817178787 0.0

0.25097289108313975 0.0
0.5708507692631126 0.0
0.3758954269548361 0.0
0.4098807697984395 0.0
0.4198026017894483 0.0
0.2509728910831398 0.0
0.2413362595149934 0.0
0.5708507692631126 0.0
0.2162872010916319 0.0
0.4098807697984395 0.0

0.23846137618738164 0.0
0.33438469533059834 0.0
0.31091506830444654 0.0
0.3343846953305983 0.0
0.4688353415396496 0.0
0.44758065212922094 0.0
0.46883534153964956 0.0
0.33569712225762366 0.0
0.30198888171787835 0.0
0.33569712225762366 0.0

0.44758065212922155 0.0
0.4688353415396494 0.0
0.4688353415396493 0.0
0.23846137618738164 0.0
0.33569712225762305 0.0
0.3356971222576231 0.0
0.31091506830444726 0.0
0.3019888817178791 0.0
0.3343846953305981 0.0
0.334384695330598 0.0

0.28239081155079837 0.0
0.3113572924651274 0.0
0.4396214299473246 0.0
0.4396214299473247 0.0
0.31135729246512733 0.0
0.4396214299473246 0.0
0.43962142994732467 0.0
0.2612505662640085 0.0
0.26125056626400844 0.0
0.40019985120157825 0.0

0.2929291325489259 0.0
0.2929291325489259 0.0
0.2929291325489258 0.0
0.29292913254892583 0.0
0.2851411208988793 0.0
0.46400033533652785 0.0
0.4640003353365279 0.0
0.46400033533652785 0.0
0.4640003353365279 0.0
0.2851411208988794 0.0

0.3259374841527822 0.0
0.37402980140650605 0.0
0.32593748415278273 0.0
0.374029801406506 0.0
0.3740298014065066 0.0
0.32593748415278206 0.0
0.3740298014065065 0.0
0.37402980140650605 0.0
0.290457198955688 0.0
0.37402980140650605 0.0

0.44275516558979117 0.0
0.22933905304572155 0.0
0.5828974463799653 0.0
0.4367765253620406 0.0
0.29698053041183115 0.0
0.44275516558979133 0.0
0.2969805304118314 0.0
0.43677652536204037 0.0
0.27806677934781115 0.0
0.22933905304572144 0.0

0.22933905304572152 0.0
0.27806677934781115 0.0
0.2969805304118312 0.0
0.4367765253620404 0.0
0.4367765253620405 0.0
0.4427551655897912 0.0
0.5828974463799652 0.0
0.29698053041183137 0.0
0.22933905304572152 0.0
0.4427551655897914 0.0

0.2293390530457215 0.0
0.5828974463799651 0.0
0.4367765253620404 0.0
0.44275516558979117 0.0
0.4367765253620404 0.0
0.2780667793478112 0.0
0.2969805304118313 0.0
0.22933905304572155 0.0
0.4427551655897912 0.0
0.2969805304118312 0.0

0.38612046465415734 0.0
0.2943513088030657 0.0
0.3457621433262172 0.0
0.38612046465415734 0.0
0.3861204646541574 0.0
0.34576214332621735 0.0
0.29435130880306587 0.0
0.3457621433262172 0.0
0.38612046465415745 0.0
0.34576214332621724 0.0

0.3343846953305982 0.0
0.3109150683044467 0.0
0.2384613761873817 0.0
0.33438469533059817 0.0
0.3356971222576235 0.0
0.4688353415396496 0.0
0.3019888817178786 0.0
0.447580652129221 0.0
0.3356971222576236 0.0
0.4688353415396495 0.0

0.43962142994732495 0.0
0.2823908115507986 0.0
0.3113572924651273 0.0
0.4396214299473245 0.0
0.4396214299473249 0.0
0.2612505662640084 0.0
0.4001998512015781 0.0
0.31135729246512733 0.0
0.43962142994732456 0.0
0.26125056626400855 0.0

0.2509728910831398 0.0
0.4198026017894484 0.0
0.24133625951499332 0.0
0.2509728910831398 0.0
0.5708507692631128 0.0
0.40988076979843946 0.0
0.3758954269548359 0.0
0.21628720109163196 0.0
0.5708507692631126 0.0
0.4098807697984393 0.0

0.334384695330598 0.0
0.46883534153964934 0.0
0.33569712225762327 0.0
0.30198888171787885 0.0
0.2384613761873817 0.0
0.3109150683044471 0.0
0.3343846953305982 0.0
0.4475806521292212 0.0
0.46883534153964945 0.0
0.33569712225762316 0.0

0.29698053041183137 0.0
0.43677652536204054 0.0
0.2293390530457214 0.0
0.2780667793478112 0.0
0.44275516558979106 0.0
0.4427551655897913 0.0
0.2969805304118312 0.0
0.5828974463799653 0.0
0.2293390530457215 0.0
0.4367765253620406 0.0

0.4618784451669479 0.0
0.32682182574594887 0.0
0.32353083914772557 0.0
0.32353083914772546 0.0
0.23830666981813364 0.0
0.46187844516694765 0.0
0.4618784451669477 0.0
0.3268218257459486 0.0
0.32682182574594854 0.0
0.3235308391477261 0.0

0.40988076979843946 0.0
0.40988076979843946 0.0
0.21628720109163188 0.0
0.24133625951499343 0.0
0.3758954269548362 0.0
0.5708507692631125 0.0
0.25097289108313975 0.0
0.5708507692631126 0.0
0.25097289108313975 0.0
0.41980260178944834 0.0

0.3861204646541576 0.0
0.38612046465415734 0.0
0.2943513088030658 0.0
0.3457621433262172 0.0
0.29435130880306576 0.0
0.38612046465415734 0.0
0.3457621433262172 0.0
0.38612046465415734 0.0
0.3457621433262172 0.0
0.34576214332621724 0.0

0.27806677934781127 0.0
0.22933905304572152 0.0
0.43677652536204037 0.0
0.2969805304118313 0.0
0.43677652536204054 0.0
0.22933905304572158 0.0
0.29698053041183126 0.0
0.5828974463799651 0.0
0.4427551655897911 0.0
0.44275516558979094 0.0

0.3235308391477257 0.0
0.4618784451669477 0.0
0.3268218257459485 0.0
0.3235308391477259 0.0
0.46187844516694787 0.0
0.32682182574594865 0.0
0.3235308391477257 0.0
0.23830666981813367 0.0
0.4618784451669478 0.0
0.32682182574594854 0.0

0.32593748415278245 0.0
0.3259374841527819 0.0
0.3740298014065064 0.0
0.3740298014065063 0.0
0.3259374841527825 0.0
0.3740298014065059 0.0
0.37402980140650594 0.0
0.3740298014065064 0.0
0.3740298014065065 0.0
0.29045719895568795 0.0

0.2612505662640085 0.0
0.40019985120157797 0.0
0.4396214299473247 0.0
0.43962142994732484 0.0
0.2612505662640085 0.0
0.3113572924651271 0.0
0.3113572924651273 0.0
0.4396214299473247 0.0
0.4396214299473249 0.0
0.28239081155079854 0.0

0.278066779347811 0.0
0.29698053041183137 0.0
0.4367765253620405 0.0
0.22933905304572147 0.0
0.29698053041183126 0.0
0.22933905304572147 0.0
0.43677652536204054 0.0
0.44275516558979133 0.0
0.44275516558979144 0.0
0.5828974463799653 0.0

0.41348010264600404 0.0
0.2652175257826565 0.0
0.22840655908858742 0.0
0.26521752578265645 0.0
0.5996158517864577 0.0
0.21196123097665354 0.0
0.5996158517864576 0.0
0.43036479315632586 0.0
0.3024185144766926 0.0
0.43036479315632575 0.0

0.4 0.0
0.2 0.0
0.20000000000000004 0.0
0.6 0.0
0.19999999999999998 0.0
0.6 0.0
0.19999999999999998 0.0
0.39999999999999997 0.0
0.4000000000000001 0.0
0.7999999999999999 0.0

0.20000000000000004 0.0
0.7999999999999999 0.0
0.6 0.0
0.4 0.0
0.5999999999999999 0.0
0.4 0.0
0.2 0.0
0.2 0.0
0.39999999999999997 0.0
0.20000000000000007 0.0

0.46883534153964923 0.0
0.46883534153964923 0.0
0.44758065212922127 0.0
0.2384613761873817 0.0
0.30198888171787897 0.0
0.3356971222576231 0.0
0.33438469533059817 0.0
0.33569712225762316 0.0
0.3343846953305983 0.0
0.3109150683044473 0.0

0.2929291325489257 0.0
0.2929291325489258 0.0
0.29292913254892566 0.0
0.2929291325489259 0.0
0.4640003353365279 0.0
0.46400033533652774 0.0
0.28514112089887944 0.0
0.2851411208988794 0.0
0.46400033533652807 0.0
0.46400033533652785 0.0

0.3861204646541572 0.0
0.38612046465415717 0.0
0.345762143326217 0.0
0.2943513088030662 0.0
0.29435130880306576 0.0
0.34576214332621746 0.0
0.3861204646541572 0.0
0.34576214332621746 0.0
0.38612046465415734 0.0
0.345762143326217 0.0

0.2652175257826565 0.0
0.2284065590885875 0.0
0.2652175257826565 0.0
0.41348010264600393 0.0
0.4303647931563257 0.0
0.30241851447669277 0.0
0.5996158517864574 0.0
0.43036479315632575 0.0
0.21196123097665356 0.0
0.5996158517864575 0.0

0.2943513088030659 0.0
0.3457621433262171 0.0
0.38612046465415734 0.0
0.38612046465415745 0.0
0.34576214332621713 0.0
0.38612046465415734 0.0
0.3861204646541575 0.0
0.34576214332621724 0.0
0.3457621433262172 0.0
0.29435130880306576 0.0

0.44275516558979117 0.0
0.2969805304118313 0.0
0.4427551655897913 0.0
0.29698053041183126 0.0
0.4367765253620405 0.0
0.5828974463799653 0.0
0.2293390530457215 0.0
0.22933905304572147 0.0
0.2780667793478112 0.0
0.4367765253620406 0.0

0.5996158517864575 0.0
0.4134801026460041 0.0
0.5996158517864575 0.0
0.21196123097665354 0.0
0.2652175257826564 0.0
0.302418514476693 0.0
0.4303647931563257 0.0
0.2652175257826564 0.0
0.22840655908858756 0.0
0.4303647931563257 0.0

0.46883534153964934 0.0
0.23846137618738172 0.0
0.4688353415396497 0.0
0.4475806521292211 0.0
0.33438469533059806 0.0
0.30198888171787863 0.0
0.3356971222576236 0.0
0.3343846953305983 0.0
0.3109150683044469 0.0
0.33569712225762327 0.0

0.5996158517864575 0.0
0.4303647931563257 0.0
0.2652175257826565 0.0
0.30241851447669266 0.0
0.21196123097665354 0.0
0.41348010264600404 0.0
0.5996158517864575 0.0
0.22840655908858754 0.0
0.4303647931563257 0.0
0.2652175257826565 0.0

0.2780667793478112 0.0
0.29698053041183126 0.0
0.22933905304572158 0.0
0.43677652536204054 0.0
0.29698053041183137 0.0
0.4367765253620404 0.0
0.22933905304572147 0.0
0.44275516558979106 0.0
0.4427551655897913 0.0
0.5828974463799652 0.0

0.2969805304118314 0.0
0.22933905304572144 0.0
0.4367765253620406 0.0
0.2780667793478111 0.0
0.4427551655897914 0.0
0.44275516558979117 0.0
0.2969805304118312 0.0
0.5828974463799654 0.0
0.4367765253620406 0.0
0.22933905304572144 0.0

0.5708507692631127 0.0
0.2509728910831398 0.0
0.4098807697984396 0.0
0.3758954269548358 0.0
0.4198026017894483 0.0
0.2162872010916319 0.0
0.5708507692631126 0.0
0.24133625951499338 0.0
0.2509728910831398 0.0
0.4098807697984395 0.0

0.28239081155079837 0.0
0.43962142994732495 0.0
0.43962142994732456 0.0
0.3113572924651273 0.0
0.4396214299473249 0.0
0.4396214299473247 0.0
0.3113572924651273 0.0
0.40019985120157797 0.0
0.26125056626400844 0.0
0.2612505662640085 0.0

0.22933905304572152 0.0
0.4367765253620403 0.0
0.5828974463799653 0.0
0.442755165589791 0.0
0.2780667793478111 0.0
0.4367765253620406 0.0
0.2969805304118313 0.0
0.22933905304572147 0.0
0.29698053041183137 0.0
0.44275516558979144 0.0

0.5996158517864575 0.0
0.3024185144766928 0.0
0.2652175257826564 0.0
0.4303647931563256 0.0
0.5996158517864576 0.0
0.41348010264600416 0.0
0.21196123097665356 0.0
0.2652175257826565 0.0
0.4303647931563257 0.0
0.22840655908858748 0.0

0.2293390530457215 0.0
0.2969805304118312 0.0
0.27806677934781115 0.0
0.43677652536204054 0.0
0.44275516558979117 0.0
0.4367765253620406 0.0
0.5828974463799654 0.0
0.2969805304118313 0.0
0.44275516558979133 0.0
0.22933905304572147 0.0

0.22840655908858742 0.0
0.21196123097665356 0.0
0.43036479315632575 0.0
0.43036479315632586 0.0
0.413480102646004 0.0
0.26521752578265656 0.0
0.2652175257826566 0.0
0.5996158517864576 0.0
0.5996158517864577 0.0
0.3024185144766924 0.0

0.33438469533059834 0.0
0.23846137618738167 0.0
0.31091506830444676 0.0
0.33438469533059845 0.0
0.4688353415396494 0.0
0.33569712225762355 0.0
0.30198888171787847 0.0
0.447580652129221 0.0
0.4688353415396495 0.0
0.3356971222576235 0.0

0.33438469533059806 0.0
0.4688353415396495 0.0
0.3019888817178789 0.0
0.3356971222576234 0.0
0.23846137618738172 0.0
0.33438469533059795 0.0
0.31091506830444704 0.0
0.4688353415396494 0.0
0.44758065212922143 0.0
0.33569712225762327 0.0

0.4098807697984394 0.0
0.21628720109163196 0.0
0.24133625951499352 0.0
0.40988076979843935 0.0
0.5708507692631124 0.0
0.2509728910831398 0.0
0.3758954269548362 0.0
0.4198026017894482 0.0
0.5708507692631123 0.0
0.25097289108313986 0.0

0.4000000000000001 0.0
0.8000000000000004 0.0
0.19999999999999993 0.0
0.6000000000000002 0.0
0.40000000000000013 0.0
0.19999999999999993 0.0
0.19999999999999993 0.0
0.6000000000000002 0.0
0.19999999999999996 0.0
0.4000000000000001 0.0

0.39999999999999997 0.0
0.4 0.0
0.2000000000000001 0.0
0.20000000000000004 0.0
0.7999999999999998 0.0
0.6 0.0
0.2 0.0
0.2 0.0
0.5999999999999999 0.0
0.39999999999999997 0.0

0.39999999999999997 0.0
0.20000000000000004 0.0
0.19999999999999996 0.0
0.4 0.0
0.6 0.0
0.19999999999999996 0.0
0.8 0.0
0.4 0.0
0.19999999999999998 0.0
0.6 0.0

0.28514112089887944 0.0
0.46400033533652785 0.0
0.4640003353365279 0.0
0.2929291325489259 0.0
0.46400033533652774 0.0
0.46400033533652785 0.0
0.2929291325489258 0.0
0.2851411208988792 0.0
0.2929291325489259 0.0
0.2929291325489259 0.0

0.27499999999999997 0.0
0.41250000000000003 0.0
0.4125 0.0
0.4125000000000001 0.0
0.275 0.0
0.275 0.0
0.2749999999999999 0.0
0.41249999999999987 0.0
0.4125 0.0
0.41250000000000014 0.0

0.4 0.0
0.2000000000000001 0.0
0.5999999999999999 0.0
0.20000000000000004 0.0
0.5999999999999999 0.0
0.19999999999999998 0.0
0.20000000000000004 0.0
0.7999999999999997 0.0
0.3999999999999999 0.0
0.4 0.0

0.46400033533652785 0.0
0.4640003353365278 0.0
0.29292913254892583 0.0
0.2851411208988794 0.0
0.2851411208988795 0.0
0.2929291325489258 0.0
0.46400033533652796 0.0
0.29292913254892566 0.0
0.46400033533652785 0.0
0.29292913254892583 0.0

0.33569712225762316 0.0
0.3343846953305983 0.0
0.46883534153964945 0.0
0.30198888171787874 0.0
0.3109150683044471 0.0
0.4475806521292212 0.0
0.33569712225762316 0.0
0.23846137618738167 0.0
0.3343846953305983 0.0
0.4688353415396494 0.0

0.4367765253620404 0.0
0.5828974463799652 0.0
0.44275516558979133 0.0
0.2293390530457214 0.0
0.22933905304572158 0.0
0.29698053041183103 0.0
0.27806677934781115 0.0
0.44275516558979106 0.0
0.4367765253620406 0.0
0.2969805304118315 0.0

0.290457198955688 0.0
0.3740298014065061 0.0
0.37402980140650643 0.0
0.3740298014065062 0.0
0.374029801406506 0.0
0.3740298014065063 0.0
0.37402980140650616 0.0
0.32593748415278245 0.0
0.3259374841527824 0.0
0.3259374841527822 0.0

0.4640003353365278 0.0
0.2929291325489258 0.0
0.46400033533652785 0.0
0.2851411208988795 0.0
0.2929291325489259 0.0
0.28514112089887933 0.0
0.46400033533652796 0.0
0.29292913254892583 0.0
0.29292913254892566 0.0
0.46400033533652796 0.0

0.3356971222576234 0.0
0.3109150683044469 0.0
0.4475806521292211 0.0
0.3356971222576234 0.0
0.33438469533059817 0.0
0.46883534153964956 0.0
0.3019888817178788 0.0
0.2384613761873817 0.0
0.33438469533059806 0.0
0.4688353415396495 0.0

0.4124999999999998 0.0
0.4124999999999999 0.0
0.4125 0.0
0.275 0.0
0.4125 0.0
0.4124999999999999 0.0
0.275 0.0
0.4125000000000001 0.0
0.2750000000000001 0.0
0.275 0.0

0.7999999999999999 0.0
0.3999999999999999 0.0
0.20000000000000007 0.0
0.5999999999999998 0.0
0.4 0.0
0.5999999999999999 0.0
0.20000000000000004 0.0
0.20000000000000007 0.0
0.20000000000000004 0.0
0.39999999999999986 0.0

0.4367765253620406 0.0
0.22933905304572147 0.0
0.27806677934781104 0.0
0.2969805304118314 0.0
0.5828974463799654 0.0
0.22933905304572155 0.0
0.44275516558979117 0.0
0.4367765253620405 0.0
0.4427551655897914 0.0
0.2969805304118311 0.0

0.5996158517864577 0.0
0.41348010264600404 0.0
0.21196123097665356 0.0
0.5996158517864576 0.0
0.2652175257826566 0.0
0.4303647931563258 0.0
0.3024185144766925 0.0
0.22840655908858745 0.0
0.2652175257826565 0.0
0.4303647931563257 0.0

0.5708507692631126 0.0
0.41980260178944834 0.0
0.2162872010916319 0.0
0.5708507692631124 0.0
0.25097289108313975 0.0
0.4098807697984396 0.0
0.37589542695483585 0.0
0.24133625951499355 0.0
0.2509728910831398 0.0
0.40988076979843946 0.0

0.26521752578265656 0.0
0.43036479315632564 0.0
0.3024185144766927 0.0
0.5996158517864574 0.0
0.22840655908858754 0.0
0.2652175257826565 0.0
0.413480102646004 0.0
0.43036479315632564 0.0
0.2119612309766536 0.0
0.5996158517864574 0.0

0.31135729246512733 0.0
0.26125056626400844 0.0
0.3113572924651273 0.0
0.2612505662640085 0.0
0.4396214299473248 0.0
0.2823908115507984 0.0
0.4396214299473247 0.0
0.4396214299473248 0.0
0.4001998512015781 0.0
0.4396214299473246 0.0

0.4001998512015781 0.0
0.4396214299473249 0.0
0.4396214299473249 0.0
0.2612505662640084 0.0
0.43962142994732445 0.0
0.43962142994732456 0.0
0.26125056626400855 0.0
0.2823908115507985 0.0
0.3113572924651273 0.0
0.31135729246512733 0.0

0.2509728910831398 0.0
0.5708507692631123 0.0
0.40988076979843946 0.0
0.37589542695483624 0.0
0.41980260178944817 0.0
0.24133625951499355 0.0
0.2509728910831398 0.0
0.21628720109163196 0.0
0.5708507692631123 0.0
0.4098807697984394 0.0

0.2969805304118315 0.0
0.22933905304572147 0.0
0.27806677934781104 0.0
0.4367765253620404 0.0
0.4427551655897915 0.0
0.29698053041183115 0.0
0.44275516558979117 0.0
0.4367765253620405 0.0
0.5828974463799653 0.0
0.2293390530457215 0.0

0.2969805304118314 0.0
0.2780667793478111 0.0
0.4367765253620405 0.0
0.22933905304572152 0.0
0.29698053041183115 0.0
0.442755165589791 0.0
0.4427551655897914 0.0
0.22933905304572152 0.0
0.43677652536204054 0.0
0.5828974463799653 0.0

0.41348010264600404 0.0
0.5996158517864575 0.0
0.21196123097665354 0.0
0.5996158517864576 0.0
0.26521752578265645 0.0
0.22840655908858748 0.0
0.26521752578265645 0.0
0.4303647931563257 0.0
0.3024185144766928 0.0
0.43036479315632575 0.0

0.4303647931563258 0.0
0.22840655908858742 0.0
0.4303647931563258 0.0
0.21196123097665348 0.0
0.26521752578265645 0.0
0.3024185144766927 0.0
0.5996158517864576 0.0
0.26521752578265645 0.0
0.41348010264600404 0.0
0.5996158517864577 0.0

0.21628720109163194 0.0
0.24133625951499352 0.0
0.40988076979843935 0.0
0.40988076979843946 0.0
0.4198026017894483 0.0
0.5708507692631124 0.0
0.5708507692631125 0.0
0.2509728910831398 0.0
0.2509728910831398 0.0
0.37589542695483597 0.0

0.31091506830444726 0.0
0.3343846953305981 0.0
0.3343846953305982 0.0
0.2384613761873816 0.0
0.33569712225762316 0.0
0.335697122257623 0.0
0.44758065212922143 0.0
0.30198888171787885 0.0
0.46883534153964934 0.0
0.4688353415396495 0.0

0.4427551655897913 0.0
0.4427551655897913 0.0
0.2969805304118311 0.0
0.29698053041183126 0.0
0.5828974463799655 0.0
0.2293390530457215 0.0
0.43677652536204065 0.0
0.4367765253620406 0.0
0.2293390530457215 0.0
0.27806677934781104 0.0

0.43036479315632564 0.0
0.5996158517864575 0.0
0.30241851447669266 0.0
0.26521752578265656 0.0
0.21196123097665362 0.0
0.4303647931563257 0.0
0.22840655908858748 0.0
0.5996158517864575 0.0
0.413480102646004 0.0
0.2652175257826565 0.0

0.4 0.0
0.6 0.0
0.19999999999999998 0.0
0.19999999999999996 0.0
0.19999999999999998 0.0
0.20000000000000004 0.0
0.6000000000000001 0.0
0.39999999999999997 0.0
0.7999999999999999 0.0
0.4000000000000001 0.0

0.29698053041183126 0.0
0.29698053041183126 0.0
0.4427551655897914 0.0
0.44275516558979133 0.0
0.2780667793478111 0.0
0.4367765253620406 0.0
0.22933905304572144 0.0
0.22933905304572144 0.0
0.43677652536204054 0.0
0.5828974463799654 0.0

0.3109150683044469 0.0
0.4475806521292213 0.0
0.3356971222576234 0.0
0.33569712225762344 0.0
0.23846137618738167 0.0
0.33438469533059806 0.0
0.33438469533059817 0.0
0.4688353415396494 0.0
0.46883534153964956 0.0
0.3019888817178788 0.0

0.3356971222576232 0.0
0.46883534153964956 0.0
0.30198888171787863 0.0
0.3343846953305983 0.0
0.44758065212922127 0.0
0.33569712225762344 0.0
0.31091506830444693 0.0
0.4688353415396494 0.0
0.23846137618738172 0.0
0.3343846953305981 0.0

0.19999999999999998 0.0
0.7999999999999999 0.0
0.39999999999999997 0.0
0.6 0.0
0.6000000000000001 0.0
0.20000000000000004 0.0
0.4000000000000001 0.0
0.4 0.0
0.19999999999999998 0.0
0.19999999999999996 0.0

0.43036479315632564 0.0
0.3024185144766928 0.0
0.2652175257826565 0.0
0.5996158517864576 0.0
0.4303647931563257 0.0
0.22840655908858748 0.0
0.21196123097665356 0.0
0.26521752578265645 0.0
0.5996158517864575 0.0
0.4134801026460041 0.0

0.3758954269548358 0.0
0.4098807697984395 0.0
0.5708507692631126 0.0
0.25097289108313986 0.0
0.40988076979843957 0.0
0.5708507692631127 0.0
0.2509728910831398 0.0
0.2162872010916319 0.0
0.24133625951499338 0.0
0.4198026017894483 0.0

0.28514112089887944 0.0
0.4640003353365278 0.0
0.2929291325489257 0.0
0.4640003353365279 0.0
0.46400033533652785 0.0
0.2929291325489258 0.0
0.46400033533652785 0.0
0.29292913254892583 0.0
0.28514112089887933 0.0
0.2929291325489259 0.0

0.19999999999999996 0.0
0.2 0.0
0.6000000000000001 0.0
0.4000000000000001 0.0
0.4 0.0
0.8 0.0
0.6000000000000001 0.0
0.39999999999999997 0.0
0.19999999999999993 0.0
0.19999999999999998 0.0

0.39999999999999997 0.0
0.2 0.0
0.3999999999999999 0.0
0.20000000000000004 0.0
0.2 0.0
0.7999999999999997 0.0
0.6 0.0
0.5999999999999999 0.0
0.4 0.0
0.20000000000000004 0.0

0.3758954269548357 0.0
0.5708507692631127 0.0
0.25097289108313975 0.0
0.4098807697984396 0.0
0.5708507692631127 0.0
0.2509728910831398 0.0
0.40988076979843957 0.0
0.41980260178944834 0.0
0.21628720109163188 0.0
0.2413362595149934 0.0

0.20000000000000004 0.0
0.19999999999999998 0.0
0.6 0.0
0.4 0.0
0.39999999999999997 0.0
0.4 0.0
0.19999999999999998 0.0
0.7999999999999998 0.0
0.5999999999999999 0.0
0.2 0.0

0.2 0.0
0.39999999999999997 0.0
0.5999999999999999 0.0
0.7999999999999997 0.0
0.20000000000000004 0.0
0.4 0.0
0.5999999999999999 0.0
0.2 0.0
0.39999999999999997 0.0
0.20000000000000004 0.0

0.43036479315632575 0.0
0.5996158517864576 0.0
0.2652175257826565 0.0
0.30241851447669266 0.0
0.2119612309766535 0.0
0.22840655908858742 0.0
0.4303647931563257 0.0
0.413480102646004 0.0
0.5996158517864575 0.0
0.2652175257826565 0.0

0.2612505662640084 0.0
0.3113572924651272 0.0
0.2612505662640085 0.0
0.3113572924651273 0.0
0.43962142994732495 0.0
0.4001998512015783 0.0
0.4396214299473249 0.0
0.43962142994732456 0.0
0.28239081155079854 0.0
0.43962142994732456 0.0

0.2384613761873817 0.0
0.31091506830444693 0.0
0.3343846953305981 0.0
0.33438469533059817 0.0
0.44758065212922127 0.0
0.46883534153964945 0.0
0.46883534153964956 0.0
0.3356971222576235 0.0
0.33569712225762327 0.0
0.30198888171787874 0.0

0.30241851447669277 0.0
0.5996158517864576 0.0
0.26521752578265645 0.0
0.43036479315632586 0.0
0.5996158517864576 0.0
0.2652175257826564 0.0
0.43036479315632575 0.0
0.41348010264600404 0.0
0.2119612309766535 0.0
0.2284065590885875 0.0

0.2780667793478112 0.0
0.43677652536204037 0.0
0.22933905304572152 0.0
0.29698053041183126 0.0
0.22933905304572152 0.0
0.4367765253620406 0.0
0.29698053041183137 0.0
0.5828974463799652 0.0
0.4427551655897911 0.0
0.4427551655897911 0.0

0.2823908115507986 0.0
0.43962142994732484 0.0
0.3113572924651272 0.0
0.43962142994732484 0.0
0.43962142994732484 0.0
0.3113572924651272 0.0
0.4396214299473248 0.0
0.26125056626400844 0.0
0.4001998512015781 0.0
0.2612505662640085 0.0

0.20000000000000007 0.0
0.5999999999999999 0.0
0.7999999999999998 0.0
0.39999999999999986 0.0
0.39999999999999997 0.0
0.5999999999999998 0.0
0.20000000000000004 0.0
0.19999999999999998 0.0
0.20000000000000007 0.0
0.39999999999999997 0.0

0.2 0.0
0.4000000000000001 0.0
0.19999999999999996 0.0
0.5999999999999999 0.0
0.20000000000000004 0.0
0.4 0.0
0.3999999999999999 0.0
0.6 0.0
0.19999999999999996 0.0
0.7999999999999997 0.0

0.23830666981813373 0.0
0.4618784451669477 0.0
0.4618784451669479 0.0
0.4618784451669476 0.0
0.32682182574594854 0.0
0.3268218257459488 0.0
0.3268218257459485 0.0
0.3235308391477256 0.0
0.323530839147726 0.0
0.3235308391477256 0.0

0.5996158517864575 0.0
0.2119612309766536 0.0
0.5996158517864573 0.0
0.41348010264600404 0.0
0.4303647931563257 0.0
0.30241851447669293 0.0
0.26521752578265645 0.0
0.43036479315632553 0.0
0.22840655908858754 0.0
0.26521752578265645 0.0

0.3109150683044469 0.0
0.23846137618738167 0.0
0.3343846953305981 0.0
0.3343846953305982 0.0
0.4475806521292212 0.0
0.3356971222576236 0.0
0.33569712225762344 0.0
0.46883534153964945 0.0
0.46883534153964956 0.0
0.3019888817178786 0.0

0.2 0.0
0.39999999999999997 0.0
0.19999999999999998 0.0
0.39999999999999997 0.0
0.19999999999999998 0.0
0.4 0.0
0.6 0.0
0.6 0.0
0.7999999999999999 0.0
0.20000000000000004 0.0

0.22840655908858754 0.0
0.26521752578265656 0.0
0.413480102646004 0.0
0.26521752578265645 0.0
0.4303647931563258 0.0
0.2119612309766536 0.0
0.43036479315632564 0.0
0.5996158517864575 0.0
0.3024185144766927 0.0
0.5996158517864574 0.0

0.21628720109163196 0.0
0.40988076979843946 0.0
0.24133625951499355 0.0
0.4098807697984394 0.0
0.5708507692631124 0.0
0.41980260178944834 0.0
0.5708507692631124 0.0
0.2509728910831398 0.0
0.3758954269548361 0.0
0.2509728910831398 0.0

0.5996158517864576 0.0
0.30241851447669243 0.0
0.4303647931563258 0.0
0.26521752578265656 0.0
0.5996158517864576 0.0
0.2119612309766535 0.0
0.413480102646004 0.0
0.43036479315632586 0.0
0.26521752578265656 0.0
0.22840655908858742 0.0

0.7999999999999998 0.0
0.19999999999999998 0.0
0.6 0.0
0.39999999999999997 0.0
0.6 0.0
0.2 0.0
0.4 0.0
0.4000000000000001 0.0
0.19999999999999996 0.0
0.20000000000000007 0.0

0.4303647931563257 0.0
0.43036479315632575 0.0
0.21196123097665356 0.0
0.22840655908858748 0.0
0.3024185144766925 0.0
0.5996158517864575 0.0
0.2652175257826566 0.0
0.5996158517864575 0.0
0.2652175257826565 0.0
0.413480102646004 0.0

0.4396214299473247 0.0
0.43962142994732484 0.0
0.2823908115507984 0.0
0.31135729246512733 0.0
0.4001998512015782 0.0
0.4396214299473247 0.0
0.2612505662640084 0.0
0.43962142994732484 0.0
0.26125056626400844 0.0
0.3113572924651272 0.0

0.33438469533059817 0.0
0.3343846953305981 0.0
0.2384613761873817 0.0
0.31091506830444704 0.0
0.30198888171787874 0.0
0.46883534153964956 0.0
0.3356971222576232 0.0
0.4688353415396494 0.0
0.33569712225762344 0.0
0.44758065212922127 0.0

0.3019888817178789 0.0
0.3356971222576232 0.0
0.46883534153964956 0.0
0.3343846953305982 0.0
0.33569712225762316 0.0
0.4688353415396494 0.0
0.33438469533059817 0.0
0.44758065212922127 0.0
0.31091506830444704 0.0
0.2384613761873817 0.0

0.3758954269548361 0.0
0.40988076979843935 0.0
0.2509728910831398 0.0
0.5708507692631125 0.0
0.40988076979843946 0.0
0.2509728910831398 0.0
0.5708507692631125 0.0
0.24133625951499346 0.0
0.21628720109163194 0.0
0.4198026017894482 0.0

0.2384613761873817 0.0
0.4688353415396496 0.0
0.46883534153964945 0.0
0.44758065212922116 0.0
0.3343846953305982 0.0
0.3343846953305981 0.0
0.31091506830444693 0.0
0.3019888817178787 0.0
0.33569712225762327 0.0
0.3356971222576234 0.0

0.46883534153964945 0.0
0.4475806521292215 0.0
0.2384613761873816 0.0
0.46883534153964934 0.0
0.33569712225762305 0.0
0.33438469533059817 0.0
0.3019888817178789 0.0
0.31091506830444726 0.0
0.33569712225762316 0.0
0.33438469533059806 0.0

0.6 0.0
0.19999999999999996 0.0
0.39999999999999997 0.0
0.19999999999999998 0.0
0.8 0.0
0.19999999999999998 0.0
0.4 0.0
0.6 0.0
0.4 0.0
0.2 0.0

0.4367765253620404 0.0
0.4427551655897913 0.0
0.5828974463799651 0.0
0.22933905304572155 0.0
0.2969805304118313 0.0
0.22933905304572155 0.0
0.2780667793478111 0.0
0.4427551655897913 0.0
0.2969805304118313 0.0
0.4367765253620403 0.0

0.4198026017894483 0.0
0.5708507692631124 0.0
0.5708507692631124 0.0
0.216287201091632 0.0
0.2509728910831398 0.0
0.25097289108313986 0.0
0.2413362595149935 0.0
0.375895426954836 0.0
0.4098807697984394 0.0
0.40988076979843935 0.0

0.3019888817178788 0.0
0.46883534153964956 0.0
0.33438469533059806 0.0
0.33569712225762327 0.0
0.46883534153964945 0.0
0.3343846953305981 0.0
0.33569712225762327 0.0
0.2384613761873817 0.0
0.4475806521292214 0.0
0.310915068304447 0.0

0.43677652536204054 0.0
0.27806677934781115 0.0
0.2969805304118314 0.0
0.22933905304572144 0.0
0.22933905304572155 0.0
0.44275516558979106 0.0
0.5828974463799653 0.0
0.29698053041183115 0.0
0.4367765253620406 0.0
0.44275516558979144 0.0

0.33569712225762355 0.0
0.3356971222576234 0.0
0.4475806521292211 0.0
0.31091506830444676 0.0
0.3019888817178786 0.0
0.4688353415396495 0.0
0.3343846953305981 0.0
0.4688353415396497 0.0
0.33438469533059817 0.0
0.23846137618738172 0.0

0.46883534153964945 0.0
0.3356971222576233 0.0
0.3343846953305981 0.0
0.3019888817178787 0.0
0.44758065212922116 0.0
0.23846137618738164 0.0
0.4688353415396495 0.0
0.31091506830444693 0.0
0.3356971222576234 0.0
0.3343846953305982 0.0

0.22933905304572158 0.0
0.2780667793478112 0.0
0.43677652536204054 0.0
0.29698053041183137 0.0
0.43677652536204037 0.0
0.5828974463799651 0.0
0.44275516558979117 0.0
0.22933905304572155 0.0
0.29698053041183126 0.0
0.44275516558979106 0.0

0.3457621433262173 0.0
0.3861204646541574 0.0
0.38612046465415717 0.0
0.2943513088030659 0.0
0.3457621433262172 0.0
0.3457621433262172 0.0
0.3457621433262174 0.0
0.2943513088030661 0.0
0.38612046465415717 0.0
0.3861204646541571 0.0

0.4427551655897913 0.0
0.44275516558979117 0.0
0.2969805304118313 0.0
0.2969805304118312 0.0
0.5828974463799654 0.0
0.43677652536204065 0.0
0.22933905304572152 0.0
0.2293390530457214 0.0
0.4367765253620406 0.0
0.2780667793478112 0.0

0.46400033533652807 0.0
0.28514112089887933 0.0
0.464000335336528 0.0
0.2929291325489257 0.0
0.464000335336528 0.0
0.2851411208988794 0.0
0.2929291325489258 0.0
0.464000335336528 0.0
0.2929291325489257 0.0
0.2929291325489258 0.0

0.19999999999999996 0.0
0.6000000000000001 0.0
0.4 0.0
0.8000000000000004 0.0
0.39999999999999997 0.0
0.19999999999999998 0.0
0.6000000000000002 0.0
0.19999999999999993 0.0
0.19999999999999998 0.0
0.4000000000000001 0.0

0.4427551655897913 0.0
0.5828974463799652 0.0
0.4367765253620405 0.0
0.22933905304572147 0.0
0.44275516558979117 0.0
0.2969805304118313 0.0
0.29698053041183137 0.0
0.22933905304572147 0.0
0.43677652536204054 0.0
0.27806677934781127 0.0

0.3019888817178785 0.0
0.4688353415396496 0.0
0.33569712225762344 0.0
0.33438469533059834 0.0
0.4688353415396495 0.0
0.33569712225762355 0.0
0.33438469533059817 0.0
0.44758065212922105 0.0
0.23846137618738167 0.0
0.3109150683044467 0.0

0.19999999999999993 0.0
0.39999999999999997 0.0
0.4000000000000001 0.0
0.1999999999999999 0.0
0.6000000000000001 0.0
0.19999999999999996 0.0
0.4000000000000001 0.0
0.8000000000000003 0.0
0.19999999999999996 0.0
0.6000000000000001 0.0

0.19999999999999998 0.0
0.39999999999999997 0.0
0.6 0.0
0.2 0.0
0.20000000000000004 0.0
0.39999999999999997 0.0
0.4000000000000001 0.0
0.19999999999999998 0.0
0.6000000000000001 0.0
0.7999999999999999 0.0

0.43677652536204065 0.0
0.4427551655897912 0.0
0.2293390530457215 0.0
0.5828974463799655 0.0
0.2969805304118312 0.0
0.2780667793478111 0.0
0.22933905304572155 0.0
0.29698053041183126 0.0
0.442755165589791 0.0
0.43677652536204054 0.0

0.4475806521292213 0.0
0.23846137618738167 0.0
0.46883534153964934 0.0
0.4688353415396494 0.0
0.3109150683044471 0.0
0.33569712225762327 0.0
0.33569712225762316 0.0
0.3343846953305981 0.0
0.3343846953305981 0.0
0.30198888171787897 0.0

0.3356971222576232 0.0
0.3019888817178789 0.0
0.4688353415396492 0.0
0.334384695330598 0.0
0.3356971222576231 0.0
0.4475806521292212 0.0
0.31091506830444726 0.0
0.4688353415396493 0.0
0.33438469533059834 0.0
0.23846137618738172 0.0

0.40019985120157825 0.0
0.4396214299473247 0.0
0.26125056626400844 0.0
0.4396214299473246 0.0
0.4396214299473247 0.0
0.26125056626400844 0.0
0.4396214299473246 0.0
0.31135729246512733 0.0
0.2823908115507985 0.0
0.31135729246512733 0.0

0.41980260178944834 0.0
0.25097289108313975 0.0
0.25097289108313975 0.0
0.24133625951499357 0.0
0.5708507692631123 0.0
0.5708507692631124 0.0
0.21628720109163194 0.0
0.37589542695483613 0.0
0.4098807697984394 0.0
0.4098807697984395 0.0

0.4134801026460041 0.0
0.21196123097665356 0.0
0.5996158517864575 0.0
0.5996158517864577 0.0
0.22840655908858748 0.0
0.2652175257826564 0.0
0.26521752578265645 0.0
0.43036479315632564 0.0
0.4303647931563258 0.0
0.30241851447669277 0.0

0.5828974463799652 0.0
0.4427551655897912 0.0
0.4367765253620405 0.0
0.2293390530457215 0.0
0.44275516558979117 0.0
0.2293390530457215 0.0
0.4367765253620405 0.0
0.2969805304118313 0.0
0.2969805304118313 0.0
0.27806677934781115 0.0

0.5708507692631126 0.0
0.2162872010916319 0.0
0.4198026017894484 0.0
0.5708507692631127 0.0
0.40988076979843946 0.0
0.2509728910831398 0.0
0.37589542695483597 0.0
0.2413362595149934 0.0
0.40988076979843946 0.0
0.2509728910831398 0.0

0.21196123097665354 0.0
0.4303647931563258 0.0
0.2284065590885874 0.0
0.43036479315632575 0.0
0.5996158517864576 0.0
0.413480102646004 0.0
0.5996158517864576 0.0
0.2652175257826566 0.0
0.3024185144766926 0.0
0.2652175257826565 0.0

0.3343846953305981 0.0
0.30198888171787847 0.0
0.33569712225762355 0.0
0.46883534153964945 0.0
0.3343846953305982 0.0
0.310915068304447 0.0
0.23846137618738167 0.0
0.3356971222576232 0.0
0.4688353415396497 0.0
0.44758065212922127 0.0

0.32682182574594854 0.0
0.32353083914772623 0.0
0.32353083914772557 0.0
0.4618784451669475 0.0
0.32682182574594854 0.0
0.3268218257459491 0.0
0.23830666981813373 0.0
0.3235308391477253 0.0
0.4618784451669474 0.0
0.4618784451669479 0.0

0.5828974463799652 0.0
0.22933905304572152 0.0
0.4427551655897912 0.0
0.4367765253620404 0.0
0.43677652536204054 0.0
0.4427551655897913 0.0
0.22933905304572147 0.0
0.2969805304118312 0.0
0.2780667793478111 0.0
0.2969805304118313 0.0

0.24133625951499343 0.0
0.2509728910831398 0.0
0.41980260178944834 0.0
0.2509728910831398 0.0
0.4098807697984395 0.0
0.21628720109163194 0.0
0.4098807697984394 0.0
0.5708507692631126 0.0
0.3758954269548361 0.0
0.5708507692631124 0.0

0.40988076979843946 0.0
0.4098807697984394 0.0
0.24133625951499343 0.0
0.21628720109163196 0.0
0.37589542695483613 0.0
0.2509728910831398 0.0
0.5708507692631125 0.0
0.2509728910831398 0.0
0.5708507692631125 0.0
0.4198026017894483 0.0

0.43036479315632564 0.0
0.4303647931563256 0.0
0.22840655908858754 0.0
0.2119612309766536 0.0
0.30241851447669293 0.0
0.2652175257826564 0.0
0.5996158517864575 0.0
0.26521752578265645 0.0
0.5996158517864575 0.0
0.4134801026460041 0.0

0.4396214299473248 0.0
0.43962142994732467 0.0
0.26125056626400844 0.0
0.4001998512015781 0.0
0.2823908115507986 0.0
0.3113572924651273 0.0
0.4396214299473247 0.0
0.3113572924651273 0.0
0.4396214299473248 0.0
0.26125056626400844 0.0

0.4427551655897913 0.0
0.43677652536204065 0.0
0.5828974463799653 0.0
0.22933905304572155 0.0
0.29698053041183126 0.0
0.44275516558979117 0.0
0.2969805304118312 0.0
0.2293390530457215 0.0
0.2780667793478112 0.0
0.4367765253620403 0.0

0.3356971222576235 0.0
0.33438469533059806 0.0
0.3019888817178787 0.0
0.46883534153964934 0.0
0.31091506830444693 0.0
0.3356971222576234 0.0
0.4475806521292213 0.0
0.33438469533059817 0.0
0.23846137618738164 0.0
0.4688353415396495 0.0

0.3356971222576234 0.0
0.3019888817178787 0.0
0.3343846953305981 0.0
0.4688353415396494 0.0
0.33569712225762327 0.0
0.3109150683044469 0.0
0.4475806521292212 0.0
0.3343846953305982 0.0
0.46883534153964956 0.0
0.23846137618738167 0.0

0.3343846953305984 0.0
0.23846137618738164 0.0
0.33438469533059845 0.0
0.3109150683044468 0.0
0.46883534153964945 0.0
0.30198888171787824 0.0
0.33569712225762355 0.0
0.4688353415396496 0.0
0.4475806521292208 0.0
0.3356971222576235 0.0

0.33569712225762316 0.0
0.4475806521292213 0.0
0.31091506830444726 0.0
0.335697122257623 0.0
0.4688353415396493 0.0
0.3343846953305983 0.0
0.3019888817178789 0.0
0.2384613761873817 0.0
0.4688353415396493 0.0
0.3343846953305982 0.0

0.3109150683044467 0.0
0.3356971222576236 0.0
0.44758065212922105 0.0
0.3356971222576235 0.0
0.3343846953305983 0.0
0.2384613761873817 0.0
0.3343846953305982 0.0
0.4688353415396495 0.0
0.30198888171787847 0.0
0.4688353415396495 0.0

0.39999999999999997 0.0
0.5999999999999999 0.0
0.20000000000000004 0.0
0.19999999999999998 0.0
0.19999999999999998 0.0
0.6 0.0
0.2 0.0
0.7999999999999999 0.0
0.39999999999999997 0.0
0.4 0.0

0.26521752578265645 0.0
0.413480102646004 0.0
0.2284065590885875 0.0
0.2652175257826565 0.0
0.5996158517864575 0.0
0.43036479315632575 0.0
0.3024185144766928 0.0
0.21196123097665356 0.0
0.5996158517864575 0.0
0.43036479315632575 0.0

0.4688353415396496 0.0
0.3019888817178784 0.0
0.3356971222576234 0.0
0.33438469533059834 0.0
0.46883534153964956 0.0
0.44758065212922116 0.0
0.23846137618738164 0.0
0.3356971222576233 0.0
0.33438469533059834 0.0
0.31091506830444693 0.0

0.5828974463799651 0.0
0.4427551655897913 0.0
0.22933905304572152 0.0
0.4367765253620405 0.0
0.4427551655897912 0.0
0.43677652536204037 0.0
0.22933905304572155 0.0
0.2969805304118314 0.0
0.29698053041183126 0.0
0.27806677934781115 0.0

0.3740298014065062 0.0
0.37402980140650627 0.0
0.3259374841527821 0.0
0.32593748415278256 0.0
0.2904571989556879 0.0
0.37402980140650627 0.0
0.37402980140650594 0.0
0.3740298014065066 0.0
0.37402980140650594 0.0
0.3259374841527823 0.0

0.33438469533059834 0.0
0.30198888171787863 0.0
0.4688353415396494 0.0
0.3356971222576233 0.0
0.3343846953305984 0.0
0.2384613761873817 0.0
0.31091506830444693 0.0
0.46883534153964945 0.0
0.3356971222576232 0.0
0.447580652129221 0.0

0.5708507692631128 0.0
0.2162872010916319 0.0
0.5708507692631127 0.0
0.4198026017894484 0.0
0.4098807697984396 0.0
0.37589542695483585 0.0
0.25097289108313975 0.0
0.40988076979843946 0.0
0.24133625951499335 0.0
0.2509728910831398 0.0

0.5708507692631125 0.0
0.375895426954836 0.0
0.40988076979843946 0.0
0.2509728910831398 0.0
0.5708507692631125 0.0
0.2162872010916319 0.0
0.4198026017894483 0.0
0.4098807697984395 0.0
0.2509728910831398 0.0
0.24133625951499346 0.0

0.39999999999999997 0.0
0.6 0.0
0.2 0.0
0.8 0.0
0.19999999999999996 0.0
0.19999999999999996 0.0
0.4 0.0
0.4 0.0
0.2 0.0
0.6000000000000001 0.0

0.4396214299473246 0.0
0.43962142994732467 0.0
0.4001998512015781 0.0
0.26125056626400855 0.0
0.2823908115507986 0.0
0.4396214299473248 0.0
0.3113572924651272 0.0
0.4396214299473248 0.0
0.3113572924651272 0.0
0.2612505662640085 0.0

0.4688353415396494 0.0
0.33438469533059834 0.0
0.3356971222576232 0.0
0.3019888817178787 0.0
0.23846137618738172 0.0
0.4475806521292211 0.0
0.46883534153964923 0.0
0.31091506830444704 0.0
0.3343846953305982 0.0
0.33569712225762344 0.0

0.24133625951499355 0.0
0.4098807697984394 0.0
0.21628720109163194 0.0
0.4098807697984394 0.0
0.25097289108313975 0.0
0.4198026017894482 0.0
0.2509728910831398 0.0
0.5708507692631124 0.0
0.3758954269548362 0.0
0.5708507692631123 0.0

0.25097289108313975 0.0
0.24133625951499338 0.0
0.2509728910831398 0.0
0.4198026017894483 0.0
0.4098807697984395 0.0
0.3758954269548361 0.0
0.5708507692631127 0.0
0.4098807697984395 0.0
0.2162872010916319 0.0
0.5708507692631126 0.0

0.3740298014065064 0.0
0.37402980140650627 0.0
0.3740298014065062 0.0
0.29045719895568795 0.0
0.3259374841527823 0.0
0.3259374841527822 0.0
0.3740298014065064 0.0
0.3259374841527824 0.0
0.3740298014065061 0.0
0.3740298014065062 0.0

0.4396214299473247 0.0
0.26125056626400844 0.0
0.4001998512015783 0.0
0.43962142994732484 0.0
0.3113572924651272 0.0
0.4396214299473247 0.0
0.28239081155079854 0.0
0.2612505662640085 0.0
0.3113572924651272 0.0
0.4396214299473247 0.0

0.6 0.0
0.4 0.0
0.8 0.0
0.19999999999999996 0.0
0.19999999999999996 0.0
0.19999999999999996 0.0
0.4 0.0
0.39999999999999997 0.0
0.19999999999999996 0.0
0.6 0.0

0.43677652536204065 0.0
0.22933905304572147 0.0
0.4427551655897913 0.0
0.5828974463799655 0.0
0.27806677934781115 0.0
0.29698053041183115 0.0
0.22933905304572147 0.0
0.2969805304118313 0.0
0.4367765253620406 0.0
0.4427551655897911 0.0

0.4427551655897912 0.0
0.5828974463799654 0.0
0.2293390530457215 0.0
0.43677652536204054 0.0
0.4427551655897914 0.0
0.29698053041183126 0.0
0.29698053041183126 0.0
0.4367765253620406 0.0
0.2293390530457215 0.0
0.2780667793478111 0.0

0.22840655908858748 0.0
0.2652175257826565 0.0
0.2652175257826565 0.0
0.41348010264600404 0.0
0.4303647931563256 0.0
0.4303647931563256 0.0
0.21196123097665362 0.0
0.3024185144766928 0.0
0.5996158517864575 0.0
0.5996158517864575 0.0

0.3109150683044471 0.0
0.335697122257623 0.0
0.3356971222576234 0.0
0.4475806521292214 0.0
0.33438469533059817 0.0
0.33438469533059806 0.0
0.23846137618738172 0.0
0.30198888171787885 0.0
0.4688353415396495 0.0
0.46883534153964934 0.0

0.2119612309766536 0.0
0.22840655908858748 0.0
0.4303647931563257 0.0
0.43036479315632564 0.0
0.41348010264600393 0.0
0.5996158517864575 0.0
0.5996158517864574 0.0
0.26521752578265656 0.0
0.26521752578265656 0.0
0.30241851447669266 0.0

0.4098807697984395 0.0
0.3758954269548361 0.0
0.25097289108313975 0.0
0.5708507692631125 0.0
0.4098807697984394 0.0
0.24133625951499352 0.0
0.21628720109163194 0.0
0.2509728910831398 0.0
0.5708507692631124 0.0
0.4198026017894483 0.0

0.2652175257826565 0.0
0.3024185144766927 0.0
0.4303647931563258 0.0
0.5996158517864577 0.0
0.26521752578265645 0.0
0.2284065590885874 0.0
0.4134801026460041 0.0
0.4303647931563257 0.0
0.5996158517864577 0.0
0.21196123097665348 0.0

0.4303647931563257 0.0
0.21196123097665356 0.0
0.43036479315632564 0.0
0.22840655908858748 0.0
0.5996158517864576 0.0
0.3024185144766927 0.0
0.2652175257826565 0.0
0.5996158517864575 0.0
0.41348010264600404 0.0
0.26521752578265645 0.0

0.46400033533652807 0.0
0.46400033533652807 0.0
0.2851411208988794 0.0
0.2929291325489259 0.0
0.2851411208988794 0.0
0.4640003353365278 0.0
0.29292913254892583 0.0
0.46400033533652774 0.0
0.2929291325489258 0.0
0.29292913254892566 0.0

0.39999999999999997 0.0
0.4 0.0
0.20000000000000004 0.0
0.2 0.0
0.7999999999999999 0.0
0.20000000000000004 0.0
0.5999999999999999 0.0
0.6 0.0
0.19999999999999998 0.0
0.3999999999999999 0.0

0.5708507692631125 0.0
0.40988076979843946 0.0
0.2509728910831398 0.0
0.3758954269548358 0.0
0.21628720109163188 0.0
0.41980260178944834 0.0
0.5708507692631127 0.0
0.24133625951499343 0.0
0.40988076979843957 0.0
0.25097289108313975 0.0

0.2119612309766536 0.0
0.5996158517864576 0.0
0.4134801026460041 0.0
0.5996158517864576 0.0
0.4303647931563257 0.0
0.22840655908858745 0.0
0.4303647931563257 0.0
0.26521752578265645 0.0
0.3024185144766927 0.0
0.2652175257826565 0.0

0.4124999999999999 0.0
0.27499999999999997 0.0
0.41250000000000003 0.0
0.41250000000000003 0.0
0.275 0.0
0.4124999999999999 0.0
0.41250000000000003 0.0
0.275 0.0
0.275 0.0
0.4125 0.0

0.39999999999999997 0.0
0.19999999999999998 0.0
0.5999999999999998 0.0
0.19999999999999998 0.0
0.20000000000000007 0.0
0.2 0.0
0.5999999999999999 0.0
0.39999999999999997 0.0
0.39999999999999997 0.0
0.7999999999999997 0.0

0.2509728910831398 0.0
0.4198026017894483 0.0
0.2509728910831398 0.0
0.2413362595149935 0.0
0.5708507692631124 0.0
0.375895426954836 0.0
0.4098807697984394 0.0
0.5708507692631124 0.0
0.21628720109163196 0.0
0.4098807697984394 0.0

0.2 0.0
0.39999999999999997 0.0
0.39999999999999997 0.0
0.20000000000000007 0.0
0.2 0.0
0.5999999999999999 0.0
0.4 0.0
0.7999999999999997 0.0
0.6 0.0
0.2 0.0

0.43036479315632564 0.0
0.2119612309766536 0.0
0.2284065590885875 0.0
0.4303647931563256 0.0
0.5996158517864575 0.0
0.26521752578265645 0.0
0.3024185144766928 0.0
0.4134801026460041 0.0
0.5996158517864575 0.0
0.26521752578265645 0.0

0.2284065590885875 0.0
0.41348010264600393 0.0
0.26521752578265656 0.0
0.26521752578265656 0.0
0.2119612309766536 0.0
0.4303647931563256 0.0
0.43036479315632575 0.0
0.5996158517864574 0.0
0.5996158517864575 0.0
0.30241851447669255 0.0

0.26521752578265656 0.0
0.4303647931563257 0.0
0.5996158517864577 0.0
0.30241851447669266 0.0
0.22840655908858737 0.0
0.41348010264600404 0.0
0.26521752578265656 0.0
0.2119612309766536 0.0
0.43036479315632575 0.0
0.5996158517864577 0.0

0.4688353415396494 0.0
0.33569712225762305 0.0
0.3019888817178789 0.0
0.3343846953305983 0.0
0.4475806521292212 0.0
0.4688353415396493 0.0
0.2384613761873817 0.0
0.3356971222576231 0.0
0.31091506830444726 0.0
0.3343846953305982 0.0

0.22933905304572147 0.0
0.4427551655897912 0.0
0.5828974463799653 0.0
0.43677652536204054 0.0
0.2969805304118312 0.0
0.4367765253620406 0.0
0.27806677934781115 0.0
0.4427551655897913 0.0
0.2969805304118313 0.0
0.22933905304572144 0.0

0.19999999999999998 0.0
0.4000000000000001 0.0
0.7999999999999998 0.0
0.6 0.0
0.20000000000000004 0.0
0.5999999999999999 0.0
0.39999999999999997 0.0
0.3999999999999999 0.0
0.20000000000000004 0.0
0.2 0.0

0.3356971222576237 0.0
0.4475806521292212 0.0
0.33569712225762344 0.0
0.3109150683044466 0.0
0.46883534153964945 0.0
0.3019888817178785 0.0
0.334384695330598 0.0
0.46883534153964984 0.0
0.23846137618738172 0.0
0.3343846953305984 0.0

0.2780667793478111 0.0
0.22933905304572158 0.0
0.29698053041183137 0.0
0.43677652536204054 0.0
0.4367765253620404 0.0
0.29698053041183126 0.0
0.22933905304572152 0.0
0.44275516558979117 0.0
0.5828974463799653 0.0
0.4427551655897912 0.0

0.4427551655897914 0.0
0.2969805304118313 0.0
0.44275516558979106 0.0
0.2969805304118312 0.0
0.2293390530457214 0.0
0.5828974463799653 0.0
0.43677652536204065 0.0
0.43677652536204054 0.0
0.2780667793478112 0.0
0.22933905304572147 0.0

0.46883534153964923 0.0
0.23846137618738167 0.0
0.4475806521292215 0.0
0.4688353415396494 0.0
0.33438469533059806 0.0
0.3356971222576234 0.0
0.3019888817178789 0.0
0.3109150683044472 0.0
0.3343846953305982 0.0
0.3356971222576229 0.0

0.4618784451669476 0.0
0.46187844516694776 0.0
0.46187844516694765 0.0
0.2383066698181337 0.0
0.3235308391477256 0.0
0.3235308391477259 0.0
0.32682182574594854 0.0
0.3235308391477258 0.0
0.3268218257459487 0.0
0.3268218257459485 0.0

0.21628720109163185 0.0
0.4198026017894484 0.0
0.5708507692631126 0.0
0.570850769263113 0.0
0.24133625951499335 0.0
0.40988076979843946 0.0
0.4098807697984397 0.0
0.25097289108313975 0.0
0.25097289108313975 0.0
0.37589542695483585 0.0

0.4098807697984394 0.0
0.25097289108313986 0.0
0.5708507692631124 0.0
0.37589542695483597 0.0
0.2413362595149935 0.0
0.21628720109163188 0.0
0.4098807697984396 0.0
0.4198026017894482 0.0
0.25097289108313975 0.0
0.5708507692631126 0.0

0.2943513088030657 0.0
0.38612046465415717 0.0
0.34576214332621746 0.0
0.3861204646541573 0.0
0.3861204646541573 0.0
0.34576214332621746 0.0
0.3861204646541574 0.0
0.34576214332621713 0.0
0.2943513088030661 0.0
0.3457621433262169 0.0

0.4688353415396494 0.0
0.4688353415396495 0.0
0.23846137618738164 0.0
0.4475806521292211 0.0
0.3019888817178785 0.0
0.33438469533059834 0.0
0.33569712225762344 0.0
0.3343846953305983 0.0
0.33569712225762344 0.0
0.3109150683044469 0.0

0.345762143326217 0.0
0.34576214332621696 0.0
0.3457621433262176 0.0
0.34576214332621735 0.0
0.2943513088030662 0.0
0.3861204646541573 0.0
0.3861204646541572 0.0
0.38612046465415734 0.0
0.38612046465415717 0.0
0.29435130880306576 0.0

0.23846137618738164 0.0
0.46883534153964934 0.0
0.44758065212922155 0.0
0.46883534153964934 0.0
0.3343846953305981 0.0
0.3109150683044474 0.0
0.33438469533059806 0.0
0.335697122257623 0.0
0.3019888817178791 0.0
0.33569712225762305 0.0

0.32682182574594865 0.0
0.4618784451669475 0.0
0.32353083914772574 0.0
0.32353083914772585 0.0
0.2383066698181337 0.0
0.32682182574594887 0.0
0.3268218257459487 0.0
0.4618784451669478 0.0
0.4618784451669475 0.0
0.32353083914772546 0.0

0.33569712225762327 0.0
0.46883534153964945 0.0
0.3343846953305982 0.0
0.30198888171787874 0.0
0.4475806521292211 0.0
0.310915068304447 0.0
0.3356971222576233 0.0
0.23846137618738164 0.0
0.4688353415396495 0.0
0.3343846953305982 0.0

0.38612046465415717 0.0
0.3457621433262176 0.0
0.3861204646541573 0.0
0.2943513088030659 0.0
0.34576214332621696 0.0
0.2943513088030664 0.0
0.3861204646541569 0.0
0.3457621433262169 0.0
0.3457621433262176 0.0
0.386120464654157 0.0

0.461878445166948 0.0
0.23830666981813356 0.0
0.46187844516694787 0.0
0.46187844516694787 0.0
0.3268218257459487 0.0
0.3235308391477257 0.0
0.3235308391477255 0.0
0.3268218257459485 0.0
0.3268218257459485 0.0
0.32353083914772596 0.0

0.3268218257459486 0.0
0.23830666981813367 0.0
0.3268218257459484 0.0
0.3268218257459488 0.0
0.4618784451669478 0.0
0.3235308391477261 0.0
0.32353083914772535 0.0
0.4618784451669476 0.0
0.4618784451669478 0.0
0.3235308391477258 0.0

0.4396214299473247 0.0
0.4001998512015782 0.0
0.4396214299473248 0.0
0.26125056626400844 0.0
0.4396214299473247 0.0
0.2823908115507984 0.0
0.31135729246512733 0.0
0.4396214299473249 0.0
0.2612505662640084 0.0
0.31135729246512733 0.0

0.4001998512015782 0.0
0.26125056626400833 0.0
0.439621429947325 0.0
0.43962142994732506 0.0
0.2612505662640085 0.0
0.43962142994732456 0.0
0.4396214299473246 0.0
0.3113572924651273 0.0
0.3113572924651273 0.0
0.2823908115507984 0.0

0.24133625951499352 0.0
0.21628720109163196 0.0
0.40988076979843935 0.0
0.4098807697984394 0.0
0.41980260178944817 0.0
0.2509728910831398 0.0
0.25097289108313986 0.0
0.5708507692631122 0.0
0.5708507692631123 0.0
0.37589542695483613 0.0

0.30198888171787874 0.0
0.33438469533059817 0.0
0.4688353415396494 0.0
0.33569712225762327 0.0
0.3343846953305984 0.0
0.4688353415396497 0.0
0.33569712225762305 0.0
0.2384613761873817 0.0
0.31091506830444704 0.0
0.4475806521292212 0.0

0.7999999999999999 0.0
0.39999999999999986 0.0
0.5999999999999999 0.0
0.2 0.0
0.4000000000000001 0.0
0.19999999999999993 0.0
0.6000000000000001 0.0
0.19999999999999998 0.0
0.19999999999999998 0.0
0.4 0.0

0.5996158517864576 0.0
0.5996158517864575 0.0
0.4134801026460041 0.0
0.21196123097665356 0.0
0.30241851447669277 0.0
0.2652175257826565 0.0
0.43036479315632575 0.0
0.2652175257826564 0.0
0.43036479315632564 0.0
0.2284065590885875 0.0

0.2509728910831398 0.0
0.25097289108313975 0.0
0.41980260178944834 0.0
0.24133625951499352 0.0
0.3758954269548362 0.0
0.5708507692631125 0.0
0.40988076979843935 0.0
0.5708507692631124 0.0
0.4098807697984393 0.0
0.21628720109163196 0.0

0.447580652129221 0.0
0.33569712225762327 0.0
0.33569712225762366 0.0
0.3109150683044469 0.0
0.4688353415396496 0.0
0.4688353415396494 0.0
0.2384613761873817 0.0
0.3019888817178785 0.0
0.33438469533059834 0.0
0.3343846953305981 0.0

0.43677652536204054 0.0
0.22933905304572147 0.0
0.2969805304118313 0.0
0.27806677934781115 0.0
0.5828974463799653 0.0
0.4427551655897912 0.0
0.2293390530457215 0.0
0.4427551655897912 0.0
0.4367765253620404 0.0
0.2969805304118313 0.0

0.3343846953305982 0.0
0.3343846953305984 0.0
0.31091506830444693 0.0
0.23846137618738167 0.0
0.30198888171787863 0.0
0.33569712225762327 0.0
0.4688353415396494 0.0
0.3356971222576232 0.0
0.4688353415396495 0.0
0.4475806521292212 0.0

0.43962142994732467 0.0
0.2612505662640085 0.0
0.4396214299473247 0.0
0.4001998512015781 0.0
0.31135729246512733 0.0
0.2823908115507983 0.0
0.43962142994732467 0.0
0.3113572924651274 0.0
0.26125056626400855 0.0
0.4396214299473247 0.0

0.2293390530457215 0.0
0.4367765253620403 0.0
0.27806677934781127 0.0
0.29698053041183137 0.0
0.582897446379965 0.0
0.4367765253620405 0.0
0.4427551655897912 0.0
0.22933905304572158 0.0
0.4427551655897911 0.0
0.2969805304118313 0.0

0.41980260178944834 0.0
0.5708507692631124 0.0
0.21628720109163194 0.0
0.5708507692631125 0.0
0.25097289108313975 0.0
0.24133625951499346 0.0
0.2509728910831398 0.0
0.40988076979843935 0.0
0.37589542695483624 0.0
0.4098807697984395 0.0

0.4 0.0
0.20000000000000007 0.0
0.3999999999999999 0.0
0.20000000000000004 0.0
0.6 0.0
0.7999999999999997 0.0
0.19999999999999998 0.0
0.19999999999999996 0.0
0.40000000000000013 0.0
0.5999999999999999 0.0

0.40988076979843946 0.0
0.5708507692631126 0.0
0.25097289108313975 0.0
0.3758954269548361 0.0
0.2162872010916319 0.0
0.24133625951499343 0.0
0.4098807697984395 0.0
0.4198026017894483 0.0
0.5708507692631126 0.0
0.25097289108313975 0.0

0.7999999999999998 0.0
0.6 0.0
0.4 0.0
0.2 0.0
0.19999999999999998 0.0
0.39999999999999997 0.0
0.5999999999999999 0.0
0.20000000000000004 0.0
0.4 0.0
0.20000000000000004 0.0

0.1999999999999999 0.0
0.4000000000000001 0.0
0.6000000000000002 0.0
0.19999999999999993 0.0
0.6000000000000001 0.0
0.8000000000000004 0.0
0.4 0.0
0.19999999999999993 0.0
0.1999999999999999 0.0
0.4000000000000001 0.0

0.25097289108313986 0.0
0.3758954269548361 0.0
0.5708507692631124 0.0
0.40988076979843935 0.0
0.25097289108313975 0.0
0.41980260178944834 0.0
0.24133625951499352 0.0
0.5708507692631124 0.0
0.4098807697984395 0.0
0.2162872010916319 0.0

0.30198888171787885 0.0
0.3343846953305981 0.0
0.3356971222576233 0.0
0.46883534153964934 0.0
0.3343846953305982 0.0
0.3356971222576232 0.0
0.46883534153964945 0.0
0.31091506830444704 0.0
0.23846137618738167 0.0
0.4475806521292211 0.0

0.6 0.0
0.39999999999999997 0.0
0.19999999999999998 0.0
0.20000000000000004 0.0
0.19999999999999996 0.0
0.4 0.0
0.8 0.0
0.19999999999999998 0.0
0.6000000000000001 0.0
0.4000000000000001 0.0

0.3113572924651274 0.0
0.31135729246512733 0.0
0.2612505662640084 0.0
0.2612505662640085 0.0
0.28239081155079854 0.0
0.4396214299473248 0.0
0.43962142994732445 0.0
0.43962142994732484 0.0
0.4396214299473244 0.0
0.40019985120157825 0.0

0.5828974463799652 0.0
0.4367765253620405 0.0
0.44275516558979133 0.0
0.22933905304572144 0.0
0.22933905304572155 0.0
0.44275516558979106 0.0
0.4367765253620405 0.0
0.2969805304118311 0.0
0.27806677934781127 0.0
0.2969805304118314 0.0

0.374029801406506 0.0
0.290457198955688 0.0
0.3740298014065063 0.0
0.37402980140650627 0.0
0.3740298014065061 0.0
0.32593748415278234 0.0
0.3259374841527824 0.0
0.3740298014065062 0.0
0.3740298014065063 0.0
0.3259374841527821 0.0

0.4367765253620406 0.0
0.2969805304118313 0.0
0.2780667793478112 0.0
0.22933905304572147 0.0
0.4427551655897912 0.0
0.22933905304572144 0.0
0.5828974463799653 0.0
0.2969805304118313 0.0
0.4427551655897913 0.0
0.43677652536204054 0.0

0.4 0.0
0.2 0.0
0.6 0.0
0.8 0.0
0.2 0.0
0.19999999999999996 0.0
0.3999999999999999 0.0
0.39999999999999997 0.0
0.6 0.0
0.20000000000000004 0.0

0.4618784451669476 0.0
0.32353083914772574 0.0
0.32353083914772574 0.0
0.32682182574594865 0.0
0.4618784451669477 0.0
0.46187844516694765 0.0
0.2383066698181337 0.0
0.32353083914772574 0.0
0.3268218257459487 0.0
0.3268218257459486 0.0

0.6 0.0
0.19999999999999993 0.0
0.4 0.0
0.19999999999999998 0.0
0.4 0.0
0.19999999999999998 0.0
0.8 0.0
0.19999999999999998 0.0
0.4000000000000001 0.0
0.6000000000000001 0.0

0.29292913254892583 0.0
0.4640003353365279 0.0
0.4640003353365278 0.0
0.2851411208988793 0.0
0.29292913254892583 0.0
0.29292913254892583 0.0
0.29292913254892583 0.0
0.28514112089887933 0.0
0.464000335336528 0.0
0.4640003353365279 0.0

0.40000000000000013 0.0
0.19999999999999996 0.0
0.19999999999999993 0.0
0.4 0.0
0.19999999999999993 0.0
0.6000000000000001 0.0
0.8000000000000003 0.0
0.39999999999999997 0.0
0.6000000000000001 0.0
0.19999999999999998 0.0

0.3235308391477258 0.0
0.3235308391477257 0.0
0.3268218257459486 0.0
0.4618784451669477 0.0
0.3235308391477258 0.0
0.32682182574594854 0.0
0.4618784451669477 0.0
0.3268218257459487 0.0
0.46187844516694765 0.0
0.23830666981813373 0.0

0.19999999999999998 0.0
0.5999999999999999 0.0
0.20000000000000004 0.0
0.3999999999999999 0.0
0.39999999999999997 0.0
0.4 0.0
0.20000000000000004 0.0
0.7999999999999999 0.0
0.2 0.0
0.6 0.0

0.24133625951499346 0.0
0.25097289108313975 0.0
0.2509728910831398 0.0
0.41980260178944834 0.0
0.4098807697984396 0.0
0.40988076979843946 0.0
0.21628720109163185 0.0
0.375895426954836 0.0
0.5708507692631126 0.0
0.5708507692631124 0.0

0.2284065590885875 0.0
0.43036479315632575 0.0
0.21196123097665354 0.0
0.43036479315632575 0.0
0.2652175257826565 0.0
0.413480102646004 0.0
0.26521752578265645 0.0
0.5996158517864575 0.0
0.30241851447669266 0.0
0.5996158517864575 0.0

0.5996158517864575 0.0
0.2652175257826565 0.0
0.4303647931563257 0.0
0.30241851447669277 0.0
0.41348010264600404 0.0
0.2119612309766536 0.0
0.5996158517864575 0.0
0.22840655908858754 0.0
0.2652175257826565 0.0
0.4303647931563257 0.0

0.4427551655897914 0.0
0.29698053041183115 0.0
0.29698053041183137 0.0
0.442755165589791 0.0
0.4367765253620406 0.0
0.2293390530457215 0.0
0.5828974463799652 0.0
0.27806677934781115 0.0
0.22933905304572155 0.0
0.43677652536204037 0.0

0.31135729246512733 0.0
0.43962142994732484 0.0
0.4396214299473247 0.0
0.2823908115507984 0.0
0.26125056626400844 0.0
0.2612505662640085 0.0
0.31135729246512733 0.0
0.4001998512015781 0.0
0.43962142994732467 0.0
0.4396214299473246 0.0

0.29698053041183115 0.0
0.4427551655897912 0.0
0.44275516558979133 0.0
0.2969805304118313 0.0
0.22933905304572152 0.0
0.43677652536204054 0.0
0.2780667793478112 0.0
0.5828974463799653 0.0
0.43677652536204054 0.0
0.22933905304572147 0.0

0.26521752578265645 0.0
0.26521752578265645 0.0
0.2284065590885874 0.0
0.41348010264600416 0.0
0.30241851447669277 0.0
0.43036479315632575 0.0
0.5996158517864577 0.0
0.4303647931563258 0.0
0.5996158517864578 0.0
0.21196123097665345 0.0

0.2612505662640085 0.0
0.43962142994732456 0.0
0.4396214299473245 0.0
0.4001998512015783 0.0
0.3113572924651273 0.0
0.3113572924651273 0.0
0.26125056626400844 0.0
0.28239081155079854 0.0
0.4396214299473247 0.0
0.4396214299473248 0.0

0.20000000000000004 0.0
0.5999999999999998 0.0
0.2 0.0
0.39999999999999997 0.0
0.7999999999999998 0.0
0.4000000000000001 0.0
0.6 0.0
0.3999999999999999 0.0
0.20000000000000004 0.0
0.20000000000000004 0.0

0.3024185144766927 0.0
0.4303647931563257 0.0
0.2652175257826565 0.0
0.5996158517864575 0.0
0.43036479315632575 0.0
0.2652175257826565 0.0
0.5996158517864575 0.0
0.2284065590885875 0.0
0.21196123097665354 0.0
0.413480102646004 0.0

0.3343846953305982 0.0
0.33569712225762344 0.0
0.4688353415396494 0.0
0.30198888171787863 0.0
0.31091506830444693 0.0
0.23846137618738172 0.0
0.3343846953305982 0.0
0.447580652129221 0.0
0.3356971222576233 0.0
0.46883534153964945 0.0

0.2413362595149935 0.0
0.4098807697984395 0.0
0.4098807697984394 0.0
0.21628720109163194 0.0
0.2509728910831398 0.0
0.2509728910831398 0.0
0.4198026017894483 0.0
0.37589542695483613 0.0
0.5708507692631126 0.0
0.5708507692631124 0.0

0.4640003353365278 0.0
0.29292913254892583 0.0
0.2851411208988794 0.0
0.46400033533652785 0.0
0.2929291325489257 0.0
0.46400033533652785 0.0
0.28514112089887944 0.0
0.2929291325489258 0.0
0.29292913254892583 0.0
0.46400033533652796 0.0

0.21628720109163194 0.0
0.5708507692631124 0.0
0.4198026017894483 0.0
0.5708507692631125 0.0
0.40988076979843935 0.0
0.2413362595149935 0.0
0.4098807697984394 0.0
0.25097289108313986 0.0
0.375895426954836 0.0
0.2509728910831398 0.0

0.25097289108313975 0.0
0.375895426954836 0.0
0.4098807697984394 0.0
0.5708507692631125 0.0
0.2509728910831398 0.0
0.24133625951499346 0.0
0.41980260178944834 0.0
0.40988076979843957 0.0
0.5708507692631126 0.0
0.2162872010916319 0.0

0.3235308391477253 0.0
0.32682182574594876 0.0
0.32353083914772585 0.0
0.4618784451669479 0.0
0.32682182574594865 0.0
0.32353083914772607 0.0
0.46187844516694776 0.0
0.32682182574594837 0.0
0.2383066698181337 0.0
0.46187844516694765 0.0

0.33569712225762327 0.0
0.310915068304447 0.0
0.3356971222576233 0.0
0.44758065212922116 0.0
0.33438469533059817 0.0
0.30198888171787874 0.0
0.46883534153964956 0.0
0.33438469533059817 0.0
0.23846137618738172 0.0
0.46883534153964945 0.0

0.22933905304572152 0.0
0.44275516558979144 0.0
0.4367765253620406 0.0
0.5828974463799653 0.0
0.29698053041183126 0.0
0.2780667793478112 0.0
0.43677652536204037 0.0
0.29698053041183126 0.0
0.44275516558979106 0.0
0.22933905304572155 0.0
