48

0.41893462916868274 0.0
0.41893462916868274 0.0
0.2548194846507906 0.0
0.4189346291686827 0.0
0.41893462916868274 0.0
0.2548194846507906 0.0
0.11462721387107122 0.0
0.42681530321158645 0.0
0.42681530321158645 0.0

0.41893462916868274 0.0
0.25481948465079063 0.0
0.4189346291686828 0.0
0.4189346291686826 0.0
0.2548194846507906 0.0
0.4189346291686827 0.0
0.42681530321158634 0.0
0.11462721387107125 0.0
0.42681530321158645 0.0

0.2548194846507906 0.0
0.41893462916868274 0.0
0.4189346291686826 0.0
0.2548194846507906 0.0
0.4189346291686826 0.0
0.4189346291686827 0.0
0.4268153032115865 0.0
0.42681530321158645 0.0
0.11462721387107139 0.0

0.3546296739536448 0.0
0.5342679916480555 0.0
0.3546296739536447 0.0
0.3546296739536446 0.0
0.3196644638416807 0.0
0.35462967395364486 0.0
0.36471032121333086 0.0
0.12338374496251454 0.0
0.3647103212133309 0.0

0.3546296739536452 0.0
0.35462967395364514 0.0
0.3196644638416805 0.0
0.3546296739536445 0.0
0.35462967395364436 0.0
0.5342679916480558 0.0
0.12338374496251443 0.0
0.364710321213331 0.0
0.3647103212133309 0.0

0.5342679916480557 0.0
0.35462967395364486 0.0
0.3546296739536446 0.0
0.31966446384168057 0.0
0.35462967395364464 0.0
0.354629673953645 0.0
0.36471032121333097 0.0
0.3647103212133309 0.0
0.1233837449625146 0.0

0.35462967395364475 0.0
0.35462967395364475 0.0
0.5342679916480556 0.0
0.35462967395364486 0.0
0.35462967395364475 0.0
0.31966446384168073 0.0
0.12338374496251459 0.0
0.3647103212133309 0.0
0.3647103212133309 0.0

0.3196644638416808 0.0
0.35462967395364453 0.0
0.3546296739536446 0.0
0.5342679916480554 0.0
0.354629673953645 0.0
0.3546296739536449 0.0
0.3647103212133309 0.0
0.36471032121333097 0.0
0.12338374496251463 0.0

0.35462967395364425 0.0
0.3196644638416808 0.0
0.3546296739536446 0.0
0.35462967395364514 0.0
0.5342679916480556 0.0
0.35462967395364514 0.0
0.36471032121333086 0.0
0.12338374496251456 0.0
0.36471032121333097 0.0

0.4455136104495362 0.0
0.3447997274776332 0.0
0.3447997274776332 0.0
0.4455136104495362 0.0
0.3447997274776332 0.0
0.34479972747763304 0.0
0.355416077404128 0.0
0.35541607740412795 0.0
0.12553526075049715 0.0

0.34479972747763304 0.0
0.3447997274776332 0.0
0.44551361044953597 0.0
0.3447997274776332 0.0
0.3447997274776331 0.0
0.44551361044953636 0.0
0.12553526075049726 0.0
0.355416077404128 0.0
0.35541607740412795 0.0

0.3447997274776334 0.0
0.44551361044953636 0.0
0.3447997274776332 0.0
0.344799727477633 0.0
0.4455136104495358 0.0
0.34479972747763304 0.0
0.35541607740412806 0.0
0.12553526075049726 0.0
0.355416077404128 0.0

0.2851019949420469 0.0
0.4613596478256653 0.0
0.6764419153145131 0.0
0.2851019949420471 0.0
0.46135964782566524 0.0
0.21988235300552134 0.0
0.12543935202187137 0.0
0.29904781421729904 0.0
0.4704335633683294 0.0

0.46135964782566535 0.0
0.6764419153145134 0.0
0.2851019949420469 0.0
0.4613596478256653 0.0
0.21988235300552134 0.0
0.28510199494204713 0.0
0.4704335633683294 0.0
0.12543935202187131 0.0
0.29904781421729904 0.0

0.4613596478256653 0.0
0.21988235300552134 0.0
0.28510199494204697 0.0
0.4613596478256653 0.0
0.6764419153145134 0.0
0.28510199494204697 0.0
0.4704335633683295 0.0
0.12543935202187137 0.0
0.29904781421729904 0.0

0.21988235300552136 0.0
0.285101994942047 0.0
0.4613596478256653 0.0
0.6764419153145133 0.0
0.28510199494204697 0.0
0.46135964782566524 0.0
0.29904781421729904 0.0
0.4704335633683295 0.0
0.12543935202187137 0.0

0.6764419153145134 0.0
0.46135964782566535 0.0
0.285101994942047 0.0
0.21988235300552134 0.0
0.46135964782566524 0.0
0.2851019949420471 0.0
0.4704335633683294 0.0
0.2990478142172991 0.0
0.1254393520218713 0.0

0.2851019949420469 0.0
0.4613596478256653 0.0
0.21988235300552134 0.0
0.285101994942047 0.0
0.46135964782566535 0.0
0.6764419153145133 0.0
0.1254393520218714 0.0
0.299047814217299 0.0
0.4704335633683295 0.0

0.6764419153145134 0.0
0.28510199494204697 0.0
0.4613596478256653 0.0
0.21988235300552134 0.0
0.2851019949420469 0.0
0.4613596478256654 0.0
0.29904781421729904 0.0
0.47043356336832953 0.0
0.12543935202187137 0.0

0.4613596478256654 0.0
0.28510199494204697 0.0
0.6764419153145134 0.0
0.46135964782566524 0.0
0.285101994942047 0.0
0.21988235300552134 0.0
0.12543935202187134 0.0
0.47043356336832953 0.0
0.299047814217299 0.0

0.2198823530055213 0.0
0.46135964782566535 0.0
0.28510199494204697 0.0
0.6764419153145133 0.0
0.46135964782566535 0.0
0.28510199494204697 0.0
0.4704335633683295 0.0
0.2990478142172991 0.0
0.12543935202187137 0.0

0.285101994942047 0.0
0.2198823530055214 0.0
0.4613596478256654 0.0
0.28510199494204697 0.0
0.6764419153145134 0.0
0.46135964782566535 0.0
0.299047814217299 0.0
0.12543935202187131 0.0
0.47043356336832953 0.0

0.2851019949420469 0.0
0.6764419153145131 0.0
0.4613596478256654 0.0
0.2851019949420472 0.0
0.21988235300552136 0.0
0.46135964782566513 0.0
0.2990478142172991 0.0
0.1254393520218714 0.0
0.4704335633683295 0.0

0.4613596478256654 0.0
0.2851019949420471 0.0
0.21988235300552145 0.0
0.4613596478256652 0.0
0.2851019949420468 0.0
0.6764419153145131 0.0
0.1254393520218715 0.0
0.4704335633683295 0.0
0.2990478142172991 0.0

0.5999999999999992 0.0
0.39999999999999947 0.0
0.20000000000000012 0.0
0.4000000000000002 0.0
0.20000000000000037 0.0
0.7999999999999988 0.0
0.10000000000000005 0.0
0.4999999999999997 0.0
0.30000000000000004 0.0

0.19999999999999998 0.0
0.6 0.0
0.7999999999999998 0.0
0.4000000000000001 0.0
0.39999999999999986 0.0
0.19999999999999998 0.0
0.09999999999999998 0.0
0.30000000000000004 0.0
0.4999999999999999 0.0

0.39999999999999986 0.0
0.20000000000000007 0.0
0.5999999999999995 0.0
0.20000000000000012 0.0
0.7999999999999993 0.0
0.4 0.0
0.3 0.0
0.10000000000000003 0.0
0.49999999999999983 0.0

0.20000000000000023 0.0
0.4000000000000001 0.0
0.20000000000000015 0.0
0.3999999999999996 0.0
0.5999999999999994 0.0
0.799999999999999 0.0
0.10000000000000005 0.0
0.3 0.0
0.49999999999999983 0.0

0.4 0.0
0.3999999999999998 0.0
0.7999999999999996 0.0
0.5999999999999998 0.0
0.2000000000000001 0.0
0.2 0.0
0.10000000000000003 0.0
0.4999999999999999 0.0
0.3 0.0

0.5999999999999995 0.0
0.20000000000000007 0.0
0.39999999999999986 0.0
0.4 0.0
0.7999999999999994 0.0
0.20000000000000015 0.0
0.49999999999999983 0.0
0.09999999999999999 0.0
0.30000000000000004 0.0

0.20000000000000015 0.0
0.7999999999999995 0.0
0.5999999999999995 0.0
0.39999999999999974 0.0
0.20000000000000004 0.0
0.4 0.0
0.3 0.0
0.10000000000000003 0.0
0.49999999999999983 0.0

0.4 0.0
0.19999999999999998 0.0
0.20000000000000015 0.0
0.5999999999999996 0.0
0.7999999999999997 0.0
0.39999999999999986 0.0
0.4999999999999999 0.0
0.1 0.0
0.3 0.0

0.2000000000000001 0.0
0.20000000000000018 0.0
0.4000000000000001 0.0
0.7999999999999994 0.0
0.3999999999999997 0.0
0.5999999999999995 0.0
0.3 0.0
0.4999999999999999 0.0
0.10000000000000005 0.0

0.20000000000000023 0.0
0.20000000000000007 0.0
0.40000000000000013 0.0
0.3999999999999996 0.0
0.7999999999999993 0.0
0.5999999999999994 0.0
0.3 0.0
0.10000000000000007 0.0
0.4999999999999999 0.0

0.5999999999999996 0.0
0.7999999999999996 0.0
0.20000000000000012 0.0
0.4 0.0
0.2 0.0
0.3999999999999998 0.0
0.49999999999999983 0.0
0.10000000000000003 0.0
0.3 0.0

0.20000000000000004 0.0
0.3999999999999997 0.0
0.5999999999999996 0.0
0.7999999999999995 0.0
0.20000000000000015 0.0
0.4000000000000002 0.0
0.3 0.0
0.49999999999999994 0.0
0.10000000000000002 0.0

0.4 0.0
0.39999999999999986 0.0
0.7999999999999996 0.0
0.2 0.0
0.6 0.0
0.20000000000000004 0.0
0.10000000000000002 0.0
0.30000000000000004 0.0
0.49999999999999994 0.0

0.4000000000000001 0.0
0.7999999999999998 0.0
0.39999999999999986 0.0
0.5999999999999998 0.0
0.19999999999999998 0.0
0.20000000000000012 0.0
0.49999999999999994 0.0
0.1 0.0
0.3 0.0

0.7999999999999997 0.0
0.2000000000000001 0.0
0.5999999999999998 0.0
0.2 0.0
0.39999999999999974 0.0
0.40000000000000013 0.0
0.3 0.0
0.49999999999999994 0.0
0.10000000000000003 0.0

0.5999999999999998 0.0
0.20000000000000004 0.0
0.7999999999999998 0.0
0.39999999999999997 0.0
0.39999999999999997 0.0
0.20000000000000004 0.0
0.10000000000000003 0.0
0.49999999999999994 0.0
0.3 0.0

0.8 0.0
0.39999999999999997 0.0
0.4 0.0
0.19999999999999998 0.0
0.20000000000000004 0.0
0.6 0.0
0.3 0.0
0.49999999999999994 0.0
0.09999999999999999 0.0

0.7999999999999998 0.0
0.4 0.0
0.39999999999999986 0.0
0.20000000000000004 0.0
0.5999999999999999 0.0
0.20000000000000007 0.0
0.49999999999999994 0.0
0.29999999999999993 0.0
0.10000000000000003 0.0

0.40000000000000013 0.0
0.8 0.0
0.39999999999999997 0.0
0.19999999999999996 0.0
0.19999999999999996 0.0
0.6000000000000001 0.0
0.30000000000000004 0.0
0.09999999999999995 0.0
0.5000000000000001 0.0

0.20000000000000004 0.0
0.6 0.0
0.3999999999999999 0.0
0.7999999999999999 0.0
0.4000000000000001 0.0
0.2 0.0
0.5 0.0
0.3 0.0
0.09999999999999998 0.0

0.7999999999999998 0.0
0.5999999999999999 0.0
0.20000000000000012 0.0
0.19999999999999998 0.0
0.4000000000000001 0.0
0.39999999999999986 0.0
0.5 0.0
0.3 0.0
0.10000000000000002 0.0

0.4000000000000001 0.0
0.20000000000000015 0.0
0.2 0.0
0.5999999999999999 0.0
0.3999999999999998 0.0
0.7999999999999998 0.0
0.10000000000000003 0.0
0.49999999999999994 0.0
0.3 0.0

0.4 0.0
0.6000000000000001 0.0
0.19999999999999998 0.0
0.2 0.0
0.4 0.0
0.8 0.0
0.09999999999999998 0.0
0.30000000000000004 0.0
0.5000000000000001 0.0

0.19999999999999998 0.0
0.4000000000000001 0.0
0.2 0.0
0.8 0.0
0.6 0.0
0.4 0.0
0.5000000000000001 0.0
0.30000000000000004 0.0
0.1 0.0
