64

0.18385201555024194 0.0
0.44264436991064793 0.0
0.44264436991064804 0.0
0.4426443699106472 0.0
0.18385201555024183 0.0
0.1838520155502418 0.0
0.42640730552789935 0.0
0.42640730552789957 0.0
0.42640730552790124 0.0

0.4426443699106479 0.0
0.183852015550242 0.0
0.4426443699106475 0.0
0.18385201555024178 0.0
0.4426443699106479 0.0
0.1838520155502419 0.0
0.4264073055279006 0.0
0.4264073055278997 0.0
0.4264073055278997 0.0

0.4426443699106479 0.0
0.44264436991064793 0.0
0.18385201555024194 0.0
0.18385201555024178 0.0
0.18385201555024205 0.0
0.4426443699106473 0.0
0.42640730552790085 0.0
0.4264073055278996 0.0
0.42640730552789957 0.0

0.1838520155502419 0.0
0.18385201555024203 0.0
0.18385201555024183 0.0
0.4426443699106477 0.0
0.44264436991064793 0.0
0.44264436991064754 0.0
0.4264073055279004 0.0
0.42640730552789957 0.0
0.4264073055279001 0.0

0.16030188609159915 0.0
0.4418560606451747 0.0
0.4809259873796412 0.0
0.41425263891564373 0.0
0.15301813627725241 0.0
0.2519770988086946 0.0
0.37617237289863287 0.0
0.42318855873759686 0.0
0.48599451981884834 0.0

0.44185606064517496 0.0
0.41425263891564357 0.0
0.2519770988086946 0.0
0.1530181362772523 0.0
0.1603018860915993 0.0
0.48092598737964115 0.0
0.3761723728986331 0.0
0.4859945198188488 0.0
0.4231885587375962 0.0

0.15301813627725255 0.0
0.48092598737964126 0.0
0.414252638915644 0.0
0.4418560606451744 0.0
0.2519770988086945 0.0
0.1603018860915991 0.0
0.4859945198188477 0.0
0.37617237289863276 0.0
0.42318855873759753 0.0

0.16030188609159907 0.0
0.4809259873796414 0.0
0.44185606064517446 0.0
0.4142526389156439 0.0
0.2519770988086947 0.0
0.15301813627725247 0.0
0.4231885587375975 0.0
0.3761723728986327 0.0
0.4859945198188479 0.0

0.4418560606451748 0.0
0.1603018860915992 0.0
0.48092598737964115 0.0
0.1530181362772524 0.0
0.4142526389156437 0.0
0.2519770988086947 0.0
0.376172372898633 0.0
0.48599451981884856 0.0
0.42318855873759653 0.0

0.4809259873796414 0.0
0.4418560606451744 0.0
0.16030188609159907 0.0
0.2519770988086948 0.0
0.15301813627725241 0.0
0.4142526389156439 0.0
0.48599451981884795 0.0
0.4231885587375974 0.0
0.37617237289863276 0.0

0.15301813627725244 0.0
0.41425263891564396 0.0
0.4809259873796413 0.0
0.4418560606451745 0.0
0.16030188609159907 0.0
0.2519770988086947 0.0
0.37617237289863287 0.0
0.48599451981884795 0.0
0.4231885587375973 0.0

0.4809259873796412 0.0
0.1530181362772524 0.0
0.41425263891564384 0.0
0.2519770988086948 0.0
0.44185606064517463 0.0
0.16030188609159915 0.0
0.48599451981884806 0.0
0.4231885587375969 0.0
0.37617237289863303 0.0

0.4809259873796413 0.0
0.16030188609159918 0.0
0.4418560606451746 0.0
0.2519770988086949 0.0
0.41425263891564373 0.0
0.1530181362772524 0.0
0.42318855873759703 0.0
0.4859945198188482 0.0
0.3761723728986327 0.0

0.4142526389156437 0.0
0.1530181362772524 0.0
0.4809259873796413 0.0
0.16030188609159912 0.0
0.4418560606451747 0.0
0.2519770988086949 0.0
0.37617237289863276 0.0
0.4231885587375969 0.0
0.48599451981884834 0.0

0.2519770988086946 0.0
0.1603018860915991 0.0
0.15301813627725255 0.0
0.48092598737964126 0.0
0.4142526389156441 0.0
0.44185606064517424 0.0
0.42318855873759786 0.0
0.4859945198188475 0.0
0.3761723728986327 0.0

0.44185606064517446 0.0
0.48092598737964126 0.0
0.16030188609159912 0.0
0.15301813627725244 0.0
0.25197709880869484 0.0
0.41425263891564384 0.0
0.485994519818848 0.0
0.3761723728986327 0.0
0.4231885587375973 0.0

0.4142526389156436 0.0
0.44185606064517485 0.0
0.25197709880869495 0.0
0.16030188609159918 0.0
0.15301813627725228 0.0
0.48092598737964126 0.0
0.376172372898633 0.0
0.4231885587375964 0.0
0.4859945198188486 0.0

0.44185606064517446 0.0
0.2519770988086946 0.0
0.41425263891564396 0.0
0.1530181362772525 0.0
0.4809259873796413 0.0
0.16030188609159912 0.0
0.48599451981884795 0.0
0.37617237289863276 0.0
0.42318855873759736 0.0

0.4142526389156436 0.0
0.25197709880869484 0.0
0.44185606064517485 0.0
0.16030188609159918 0.0
0.4809259873796412 0.0
0.15301813627725233 0.0
0.4231885587375964 0.0
0.37617237289863314 0.0
0.4859945198188486 0.0

0.1603018860915992 0.0
0.1530181362772523 0.0
0.2519770988086948 0.0
0.41425263891564357 0.0
0.4418560606451752 0.0
0.4809259873796411 0.0
0.37617237289863337 0.0
0.4231885587375958 0.0
0.48599451981884895 0.0

0.25197709880869473 0.0
0.4142526389156441 0.0
0.4418560606451741 0.0
0.4809259873796414 0.0
0.16030188609159912 0.0
0.1530181362772525 0.0
0.42318855873759803 0.0
0.4859945198188475 0.0
0.37617237289863253 0.0

0.480925987379641 0.0
0.41425263891564323 0.0
0.15301813627725216 0.0
0.2519770988086948 0.0
0.1603018860915993 0.0
0.4418560606451757 0.0
0.4231885587375949 0.0
0.48599451981884983 0.0
0.37617237289863364 0.0

0.4142526389156439 0.0
0.4809259873796413 0.0
0.15301813627725253 0.0
0.1603018860915991 0.0
0.2519770988086947 0.0
0.44185606064517446 0.0
0.42318855873759736 0.0
0.37617237289863276 0.0
0.485994519818848 0.0

0.1603018860915992 0.0
0.25197709880869484 0.0
0.15301813627725236 0.0
0.4142526389156435 0.0
0.48092598737964126 0.0
0.441856060645175 0.0
0.42318855873759614 0.0
0.376172372898633 0.0
0.4859945198188489 0.0

0.25197709880869473 0.0
0.15301813627725228 0.0
0.16030188609159934 0.0
0.4809259873796411 0.0
0.44185606064517535 0.0
0.4142526389156434 0.0
0.4859945198188493 0.0
0.4231885587375955 0.0
0.37617237289863337 0.0

0.15301813627725233 0.0
0.251977098808695 0.0
0.16030188609159912 0.0
0.44185606064517496 0.0
0.4809259873796413 0.0
0.41425263891564346 0.0
0.48599451981884906 0.0
0.376172372898633 0.0
0.42318855873759614 0.0

0.15301813627725244 0.0
0.16030188609159926 0.0
0.25197709880869473 0.0
0.44185606064517496 0.0
0.41425263891564357 0.0
0.48092598737964115 0.0
0.3761723728986331 0.0
0.4859945198188487 0.0
0.42318855873759614 0.0

0.2519770988086949 0.0
0.44185606064517513 0.0
0.41425263891564346 0.0
0.4809259873796413 0.0
0.15301813627725225 0.0
0.16030188609159926 0.0
0.4859945198188493 0.0
0.42318855873759603 0.0
0.376172372898633 0.0

0.1569198582546325 0.0
0.2505508469995367 0.0
0.1569198582546324 0.0
0.42663724342792053 0.0
0.4834005335916967 0.0
0.4266372434279208 0.0
0.45745032596722784 0.0
0.37057275696396025 0.0
0.4574503259672285 0.0

0.15691985825463256 0.0
0.15691985825463242 0.0
0.25055084699953667 0.0
0.4266372434279204 0.0
0.426637243427921 0.0
0.48340053359169677 0.0
0.37057275696396025 0.0
0.4574503259672275 0.0
0.4574503259672288 0.0

0.15691985825463256 0.0
0.4834005335916969 0.0
0.42663724342792086 0.0
0.42663724342792037 0.0
0.2505508469995367 0.0
0.15691985825463242 0.0
0.4574503259672278 0.0
0.3705727569639599 0.0
0.4574503259672289 0.0

0.2505508469995367 0.0
0.42663724342791987 0.0
0.4266372434279215 0.0
0.48340053359169677 0.0
0.15691985825463273 0.0
0.15691985825463228 0.0
0.45745032596722635 0.0
0.4574503259672301 0.0
0.3705727569639601 0.0

0.4266372434279207 0.0
0.15691985825463248 0.0
0.4834005335916968 0.0
0.15691985825463248 0.0
0.4266372434279207 0.0
0.2505508469995367 0.0
0.37057275696396014 0.0
0.45745032596722823 0.0
0.45745032596722823 0.0

0.15691985825463248 0.0
0.4266372434279207 0.0
0.4834005335916968 0.0
0.4266372434279207 0.0
0.15691985825463248 0.0
0.2505508469995367 0.0
0.37057275696396014 0.0
0.45745032596722823 0.0
0.45745032596722823 0.0

0.42663724342792114 0.0
0.42663724342792025 0.0
0.2505508469995367 0.0
0.1569198582546323 0.0
0.15691985825463264 0.0
0.48340053359169677 0.0
0.37057275696396014 0.0
0.45745032596722923 0.0
0.45745032596722723 0.0

0.4266372434279222 0.0
0.4834005335916969 0.0
0.15691985825463284 0.0
0.1569198582546321 0.0
0.25055084699953667 0.0
0.4266372434279192 0.0
0.4574503259672318 0.0
0.3705727569639601 0.0
0.45745032596722496 0.0

0.4834005335916969 0.0
0.15691985825463245 0.0
0.42663724342792064 0.0
0.25055084699953684 0.0
0.4266372434279207 0.0
0.15691985825463248 0.0
0.4574503259672283 0.0
0.4574503259672281 0.0
0.37057275696396014 0.0

0.4266372434279211 0.0
0.25055084699953684 0.0
0.4266372434279203 0.0
0.15691985825463237 0.0
0.4834005335916969 0.0
0.15691985825463256 0.0
0.4574503259672292 0.0
0.37057275696396 0.0
0.45745032596722746 0.0

0.2505508469995367 0.0
0.15691985825463262 0.0
0.1569198582546324 0.0
0.48340053359169693 0.0
0.42663724342792037 0.0
0.4266372434279209 0.0
0.45745032596722773 0.0
0.45745032596722895 0.0
0.37057275696395997 0.0

0.4834005335916968 0.0
0.42663724342792214 0.0
0.15691985825463287 0.0
0.2505508469995367 0.0
0.15691985825463214 0.0
0.4266372434279192 0.0
0.4574503259672317 0.0
0.457450325967225 0.0
0.37057275696396 0.0

0.12499999999999997 0.0
0.625 0.0
0.49999999999999994 0.0
0.375 0.0
0.125 0.0
0.24999999999999994 0.0
0.5000000000000001 0.0
0.24999999999999997 0.0
0.75 0.0

0.625 0.0
0.12499999999999999 0.0
0.5 0.0
0.12499999999999997 0.0
0.375 0.0
0.24999999999999992 0.0
0.5000000000000001 0.0
0.75 0.0
0.25 0.0

0.6249999999999998 0.0
0.25 0.0
0.375 0.0
0.12500000000000003 0.0
0.5 0.0
0.12500000000000003 0.0
0.7499999999999996 0.0
0.4999999999999998 0.0
0.2500000000000001 0.0

0.6249999999999999 0.0
0.4999999999999999 0.0
0.12500000000000003 0.0
0.125 0.0
0.24999999999999994 0.0
0.375 0.0
0.7499999999999998 0.0
0.5000000000000001 0.0
0.25 0.0

0.24999999999999994 0.0
0.125 0.0
0.12500000000000003 0.0
0.49999999999999994 0.0
0.375 0.0
0.625 0.0
0.25 0.0
0.7499999999999999 0.0
0.49999999999999994 0.0

0.49999999999999994 0.0
0.12500000000000003 0.0
0.375 0.0
0.24999999999999994 0.0
0.6249999999999998 0.0
0.12500000000000006 0.0
0.7499999999999997 0.0
0.25000000000000006 0.0
0.49999999999999994 0.0

0.375 0.0
0.12500000000000003 0.0
0.5 0.0
0.125 0.0
0.6249999999999998 0.0
0.25 0.0
0.4999999999999999 0.0
0.2500000000000001 0.0
0.7499999999999998 0.0

0.12499999999999997 0.0
0.12499999999999999 0.0
0.25 0.0
0.375 0.0
0.625 0.0
0.5 0.0
0.5 0.0
0.24999999999999997 0.0
0.7500000000000001 0.0

0.5000000000000001 0.0
0.6250000000000001 0.0
0.12499999999999993 0.0
0.25000000000000006 0.0
0.12499999999999997 0.0
0.37499999999999994 0.0
0.7500000000000003 0.0
0.2499999999999999 0.0
0.5 0.0

0.12499999999999997 0.0
0.5 0.0
0.37499999999999994 0.0
0.6250000000000001 0.0
0.25 0.0
0.12499999999999999 0.0
0.7500000000000001 0.0
0.5000000000000001 0.0
0.2499999999999999 0.0

0.5 0.0
0.37499999999999994 0.0
0.12499999999999999 0.0
0.25 0.0
0.12499999999999996 0.0
0.6250000000000002 0.0
0.24999999999999983 0.0
0.7500000000000003 0.0
0.5000000000000001 0.0

0.37499999999999994 0.0
0.25 0.0
0.6250000000000003 0.0
0.12499999999999993 0.0
0.5000000000000001 0.0
0.12499999999999996 0.0
0.24999999999999978 0.0
0.5000000000000001 0.0
0.7500000000000006 0.0

0.24999999999999994 0.0
0.125 0.0
0.12499999999999999 0.0
0.5 0.0
0.6250000000000001 0.0
0.375 0.0
0.7500000000000001 0.0
0.24999999999999997 0.0
0.5 0.0

0.4999999999999999 0.0
0.12500000000000003 0.0
0.6250000000000002 0.0
0.2499999999999999 0.0
0.375 0.0
0.12499999999999997 0.0
0.24999999999999994 0.0
0.7500000000000001 0.0
0.5000000000000002 0.0

0.37500000000000006 0.0
0.49999999999999994 0.0
0.12499999999999994 0.0
0.125 0.0
0.25 0.0
0.6250000000000001 0.0
0.2499999999999999 0.0
0.5000000000000002 0.0
0.7500000000000002 0.0

0.25000000000000006 0.0
0.625 0.0
0.3750000000000001 0.0
0.5 0.0
0.12499999999999999 0.0
0.125 0.0
0.7499999999999998 0.0
0.25000000000000006 0.0
0.5 0.0

0.125 0.0
0.24999999999999997 0.0
0.12499999999999997 0.0
0.375 0.0
0.5 0.0
0.6250000000000001 0.0
0.25 0.0
0.5000000000000001 0.0
0.7500000000000001 0.0

0.125 0.0
0.37500000000000006 0.0
0.5 0.0
0.6250000000000001 0.0
0.12499999999999997 0.0
0.24999999999999994 0.0
0.5000000000000001 0.0
0.7500000000000001 0.0
0.25 0.0

0.625 0.0
0.375 0.0
0.25000000000000006 0.0
0.12500000000000003 0.0
0.12499999999999999 0.0
0.5 0.0
0.49999999999999994 0.0
0.7500000000000001 0.0
0.25 0.0

0.25 0.0
0.37500000000000006 0.0
0.6250000000000003 0.0
0.5000000000000001 0.0
0.12499999999999996 0.0
0.12499999999999993 0.0
0.24999999999999986 0.0
0.7500000000000003 0.0
0.5000000000000002 0.0

0.12499999999999999 0.0
0.5000000000000001 0.0
0.625 0.0
0.37499999999999994 0.0
0.25 0.0
0.125 0.0
0.25000000000000006 0.0
0.5 0.0
0.7500000000000001 0.0

0.12499999999999997 0.0
0.25000000000000006 0.0
0.12499999999999994 0.0
0.6250000000000003 0.0
0.5000000000000001 0.0
0.3749999999999999 0.0
0.7500000000000004 0.0
0.5000000000000001 0.0
0.24999999999999992 0.0

0.37500000000000006 0.0
0.6250000000000001 0.0
0.24999999999999997 0.0
0.12500000000000003 0.0
0.12499999999999999 0.0
0.49999999999999994 0.0
0.5000000000000002 0.0
0.24999999999999997 0.0
0.75 0.0

0.12499999999999999 0.0
0.12499999999999992 0.0
0.25000000000000017 0.0
0.6250000000000002 0.0
0.37499999999999994 0.0
0.5000000000000001 0.0
0.5 0.0
0.7500000000000006 0.0
0.24999999999999986 0.0
