184

0.4166666666666667 0.0
0.4166666666666667 0.0
0.2083333333333333 0.0
0.2083333333333334 0.0
0.41666666666666663 0.0
0.41666666666666674 0.0
0.4166666666666667 0.0
0.4166666666666667 0.0
0.20833333333333318 0.0
0.2083333333333334 0.0
0.41666666666666663 0.0
0.4166666666666666 0.0

0.20833333333333331 0.0
0.4166666666666667 0.0
0.41666666666666674 0.0
0.41666666666666663 0.0
0.4166666666666667 0.0
0.20833333333333331 0.0
0.20833333333333318 0.0
0.4166666666666668 0.0
0.41666666666666674 0.0
0.41666666666666674 0.0
0.4166666666666667 0.0
0.20833333333333326 0.0

0.41666666666666663 0.0
0.20833333333333337 0.0
0.41666666666666663 0.0
0.41666666666666663 0.0
0.20833333333333326 0.0
0.4166666666666667 0.0
0.4166666666666668 0.0
0.2083333333333334 0.0
0.4166666666666668 0.0
0.4166666666666667 0.0
0.20833333333333326 0.0
0.4166666666666667 0.0

0.3523809523809524 0.0
0.3523809523809525 0.0
0.2517006802721088 0.0
0.4933333333333335 0.0
0.3523809523809526 0.0
0.35238095238095213 0.0
0.3523809523809526 0.0
0.35238095238095224 0.0
0.25170068027210873 0.0
0.25170068027210873 0.0
0.35238095238095224 0.0
0.35238095238095246 0.0

0.3523809523809525 0.0
0.2517006802721089 0.0
0.35238095238095224 0.0
0.3523809523809526 0.0
0.4933333333333333 0.0
0.3523809523809522 0.0
0.3523809523809525 0.0
0.2517006802721088 0.0
0.3523809523809522 0.0
0.35238095238095246 0.0
0.2517006802721089 0.0
0.35238095238095224 0.0

0.3523809523809524 0.0
0.25170068027210885 0.0
0.3523809523809524 0.0
0.3523809523809526 0.0
0.25170068027210885 0.0
0.35238095238095246 0.0
0.3523809523809524 0.0
0.25170068027210885 0.0
0.3523809523809522 0.0
0.35238095238095224 0.0
0.4933333333333334 0.0
0.3523809523809522 0.0

0.25170068027210873 0.0
0.3523809523809525 0.0
0.35238095238095224 0.0
0.3523809523809526 0.0
0.35238095238095235 0.0
0.25170068027210885 0.0
0.25170068027210885 0.0
0.35238095238095246 0.0
0.35238095238095224 0.0
0.35238095238095246 0.0
0.3523809523809522 0.0
0.49333333333333335 0.0

0.35238095238095213 0.0
0.25170068027210873 0.0
0.3523809523809522 0.0
0.35238095238095224 0.0
0.2517006802721088 0.0
0.3523809523809522 0.0
0.35238095238095263 0.0
0.49333333333333346 0.0
0.3523809523809526 0.0
0.3523809523809527 0.0
0.25170068027210873 0.0
0.3523809523809527 0.0

0.35238095238095224 0.0
0.35238095238095246 0.0
0.25170068027210885 0.0
0.2517006802721089 0.0
0.35238095238095224 0.0
0.3523809523809524 0.0
0.3523809523809523 0.0
0.3523809523809524 0.0
0.2517006802721088 0.0
0.49333333333333323 0.0
0.3523809523809524 0.0
0.3523809523809525 0.0

0.35238095238095224 0.0
0.3523809523809523 0.0
0.2517006802721088 0.0
0.2517006802721088 0.0
0.35238095238095235 0.0
0.3523809523809524 0.0
0.3523809523809524 0.0
0.35238095238095246 0.0
0.49333333333333346 0.0
0.2517006802721088 0.0
0.3523809523809526 0.0
0.35238095238095263 0.0

0.2517006802721088 0.0
0.35238095238095246 0.0
0.3523809523809527 0.0
0.3523809523809524 0.0
0.3523809523809526 0.0
0.2517006802721088 0.0
0.4933333333333335 0.0
0.35238095238095235 0.0
0.35238095238095213 0.0
0.3523809523809524 0.0
0.35238095238095224 0.0
0.25170068027210885 0.0

0.2517006802721089 0.0
0.3523809523809524 0.0
0.3523809523809523 0.0
0.3523809523809525 0.0
0.35238095238095224 0.0
0.49333333333333346 0.0
0.2517006802721088 0.0
0.35238095238095224 0.0
0.3523809523809525 0.0
0.3523809523809522 0.0
0.3523809523809527 0.0
0.2517006802721088 0.0

0.35238095238095246 0.0
0.49333333333333335 0.0
0.3523809523809527 0.0
0.35238095238095246 0.0
0.2517006802721088 0.0
0.3523809523809521 0.0
0.3523809523809526 0.0
0.25170068027210885 0.0
0.3523809523809522 0.0
0.3523809523809523 0.0
0.2517006802721089 0.0
0.3523809523809525 0.0

0.49333333333333346 0.0
0.35238095238095246 0.0
0.3523809523809524 0.0
0.35238095238095235 0.0
0.3523809523809524 0.0
0.25170068027210885 0.0
0.2517006802721088 0.0
0.3523809523809522 0.0
0.35238095238095235 0.0
0.3523809523809526 0.0
0.35238095238095246 0.0
0.25170068027210885 0.0

0.35238095238095224 0.0
0.35238095238095246 0.0
0.49333333333333346 0.0
0.2517006802721089 0.0
0.35238095238095246 0.0
0.3523809523809525 0.0
0.35238095238095246 0.0
0.3523809523809524 0.0
0.2517006802721088 0.0
0.2517006802721088 0.0
0.3523809523809523 0.0
0.35238095238095246 0.0

0.31272184495632466 0.0
0.3965143086483211 0.0
0.26035707001108377 0.0
0.5182956084435255 0.0
0.31272184495632466 0.0
0.3965143086483208 0.0
0.3127218449563247 0.0
0.39651430864832093 0.0
0.2603570700110838 0.0
0.22569650846898123 0.0
0.3127218449563244 0.0
0.3965143086483211 0.0

0.22569650846898132 0.0
0.3127218449563246 0.0
0.31272184495632455 0.0
0.3965143086483211 0.0
0.396514308648321 0.0
0.2603570700110841 0.0
0.260357070011084 0.0
0.3965143086483209 0.0
0.3965143086483208 0.0
0.3127218449563244 0.0
0.31272184495632427 0.0
0.5182956084435254 0.0

0.3965143086483208 0.0
0.5182956084435255 0.0
0.39651430864832093 0.0
0.31272184495632466 0.0
0.26035707001108394 0.0
0.3127218449563247 0.0
0.39651430864832077 0.0
0.2256965084689813 0.0
0.39651430864832093 0.0
0.3127218449563245 0.0
0.26035707001108377 0.0
0.31272184495632466 0.0

0.5182956084435255 0.0
0.3965143086483211 0.0
0.3965143086483209 0.0
0.3127218449563245 0.0
0.3127218449563246 0.0
0.2603570700110838 0.0
0.22569650846898118 0.0
0.3965143086483208 0.0
0.39651430864832093 0.0
0.31272184495632466 0.0
0.3127218449563245 0.0
0.26035707001108405 0.0

0.31272184495632455 0.0
0.2256965084689813 0.0
0.3965143086483209 0.0
0.39651430864832077 0.0
0.5182956084435255 0.0
0.3127218449563247 0.0
0.3965143086483208 0.0
0.2603570700110838 0.0
0.3127218449563247 0.0
0.3127218449563247 0.0
0.2603570700110838 0.0
0.3965143086483209 0.0

0.5182956084435258 0.0
0.396514308648321 0.0
0.3965143086483211 0.0
0.31272184495632455 0.0
0.3127218449563245 0.0
0.2603570700110837 0.0
0.2603570700110839 0.0
0.31272184495632455 0.0
0.31272184495632455 0.0
0.39651430864832105 0.0
0.39651430864832116 0.0
0.22569650846898104 0.0

0.39651430864832077 0.0
0.2603570700110839 0.0
0.3127218449563247 0.0
0.3965143086483209 0.0
0.5182956084435255 0.0
0.31272184495632466 0.0
0.3127218449563246 0.0
0.2256965084689813 0.0
0.39651430864832093 0.0
0.3127218449563245 0.0
0.2603570700110839 0.0
0.39651430864832093 0.0

0.39651430864832105 0.0
0.26035707001108366 0.0
0.39651430864832093 0.0
0.39651430864832093 0.0
0.26035707001108366 0.0
0.39651430864832093 0.0
0.31272184495632466 0.0
0.5182956084435258 0.0
0.31272184495632477 0.0
0.3127218449563246 0.0
0.22569650846898115 0.0
0.3127218449563246 0.0

0.39651430864832093 0.0
0.396514308648321 0.0
0.5182956084435254 0.0
0.26035707001108394 0.0
0.3127218449563245 0.0
0.3127218449563245 0.0
0.39651430864832077 0.0
0.39651430864832093 0.0
0.2256965084689813 0.0
0.260357070011084 0.0
0.31272184495632455 0.0
0.3127218449563247 0.0

0.2603570700110839 0.0
0.39651430864832093 0.0
0.39651430864832093 0.0
0.39651430864832093 0.0
0.3965143086483211 0.0
0.2603570700110839 0.0
0.22569650846898115 0.0
0.3127218449563245 0.0
0.3127218449563247 0.0
0.31272184495632455 0.0
0.31272184495632455 0.0
0.5182956084435256 0.0

0.31272184495632466 0.0
0.26035707001108394 0.0
0.3127218449563245 0.0
0.31272184495632455 0.0
0.26035707001108405 0.0
0.31272184495632455 0.0
0.3965143086483208 0.0
0.5182956084435255 0.0
0.396514308648321 0.0
0.3965143086483209 0.0
0.2256965084689812 0.0
0.3965143086483209 0.0

0.31272184495632466 0.0
0.2256965084689814 0.0
0.3127218449563247 0.0
0.39651430864832066 0.0
0.260357070011084 0.0
0.3965143086483208 0.0
0.31272184495632477 0.0
0.5182956084435252 0.0
0.3127218449563246 0.0
0.3965143086483208 0.0
0.26035707001108405 0.0
0.39651430864832055 0.0

0.31272184495632466 0.0
0.22569650846898115 0.0
0.3127218449563247 0.0
0.39651430864832105 0.0
0.26035707001108377 0.0
0.3965143086483211 0.0
0.39651430864832105 0.0
0.26035707001108366 0.0
0.3965143086483209 0.0
0.3127218449563246 0.0
0.5182956084435258 0.0
0.3127218449563245 0.0

0.31272184495632455 0.0
0.26035707001108394 0.0
0.39651430864832093 0.0
0.31272184495632455 0.0
0.5182956084435255 0.0
0.39651430864832093 0.0
0.39651430864832093 0.0
0.22569650846898123 0.0
0.3127218449563245 0.0
0.396514308648321 0.0
0.2603570700110841 0.0
0.31272184495632444 0.0

0.3127218449563245 0.0
0.5182956084435258 0.0
0.3127218449563246 0.0
0.396514308648321 0.0
0.2603570700110839 0.0
0.39651430864832105 0.0
0.3965143086483213 0.0
0.2603570700110838 0.0
0.39651430864832127 0.0
0.31272184495632427 0.0
0.2256965084689811 0.0
0.3127218449563244 0.0

0.26035707001108377 0.0
0.39651430864832105 0.0
0.31272184495632466 0.0
0.3965143086483211 0.0
0.3127218449563247 0.0
0.2256965084689812 0.0
0.5182956084435256 0.0
0.3127218449563244 0.0
0.3965143086483209 0.0
0.31272184495632455 0.0
0.39651430864832093 0.0
0.2603570700110839 0.0

0.2603570700110836 0.0
0.3127218449563247 0.0
0.39651430864832077 0.0
0.31272184495632477 0.0
0.39651430864832077 0.0
0.22569650846898132 0.0
0.26035707001108377 0.0
0.3127218449563248 0.0
0.3965143086483208 0.0
0.3127218449563248 0.0
0.3965143086483209 0.0
0.5182956084435255 0.0

0.396514308648321 0.0
0.260357070011084 0.0
0.39651430864832093 0.0
0.39651430864832093 0.0
0.2603570700110839 0.0
0.39651430864832077 0.0
0.31272184495632455 0.0
0.22569650846898123 0.0
0.3127218449563245 0.0
0.31272184495632466 0.0
0.5182956084435255 0.0
0.31272184495632466 0.0

0.39651430864832093 0.0
0.3127218449563246 0.0
0.2603570700110839 0.0
0.5182956084435257 0.0
0.39651430864832093 0.0
0.31272184495632466 0.0
0.31272184495632466 0.0
0.3965143086483209 0.0
0.22569650846898118 0.0
0.26035707001108377 0.0
0.31272184495632466 0.0
0.39651430864832093 0.0

0.3127218449563246 0.0
0.26035707001108377 0.0
0.39651430864832077 0.0
0.31272184495632477 0.0
0.22569650846898137 0.0
0.3965143086483209 0.0
0.31272184495632466 0.0
0.2603570700110839 0.0
0.3965143086483209 0.0
0.31272184495632455 0.0
0.5182956084435255 0.0
0.3965143086483209 0.0

0.3127218449563247 0.0
0.5182956084435252 0.0
0.3965143086483206 0.0
0.39651430864832077 0.0
0.22569650846898148 0.0
0.3127218449563248 0.0
0.39651430864832055 0.0
0.260357070011084 0.0
0.3127218449563246 0.0
0.31272184495632477 0.0
0.26035707001108405 0.0
0.39651430864832066 0.0

0.3965143086483208 0.0
0.31272184495632455 0.0
0.2603570700110839 0.0
0.5182956084435255 0.0
0.39651430864832077 0.0
0.3127218449563247 0.0
0.396514308648321 0.0
0.31272184495632455 0.0
0.26035707001108405 0.0
0.22569650846898126 0.0
0.3965143086483211 0.0
0.31272184495632444 0.0

0.5182956084435255 0.0
0.31272184495632455 0.0
0.3127218449563245 0.0
0.39651430864832093 0.0
0.39651430864832105 0.0
0.260357070011084 0.0
0.26035707001108394 0.0
0.3965143086483209 0.0
0.39651430864832093 0.0
0.3127218449563246 0.0
0.3127218449563246 0.0
0.2256965084689812 0.0

0.3965143086483212 0.0
0.396514308648321 0.0
0.22569650846898118 0.0
0.2603570700110838 0.0
0.3127218449563246 0.0
0.3127218449563245 0.0
0.3965143086483209 0.0
0.39651430864832116 0.0
0.5182956084435258 0.0
0.2603570700110838 0.0
0.3127218449563244 0.0
0.31272184495632466 0.0

0.39651430864832093 0.0
0.22569650846898126 0.0
0.3965143086483208 0.0
0.3127218449563245 0.0
0.26035707001108394 0.0
0.3127218449563243 0.0
0.31272184495632466 0.0
0.2603570700110838 0.0
0.31272184495632466 0.0
0.3965143086483211 0.0
0.5182956084435257 0.0
0.3965143086483211 0.0

0.396514308648321 0.0
0.518295608443526 0.0
0.396514308648321 0.0
0.3127218449563247 0.0
0.26035707001108355 0.0
0.31272184495632477 0.0
0.31272184495632477 0.0
0.26035707001108355 0.0
0.31272184495632477 0.0
0.39651430864832093 0.0
0.2256965084689811 0.0
0.396514308648321 0.0

0.3965143086483211 0.0
0.3127218449563247 0.0
0.5182956084435256 0.0
0.2256965084689812 0.0
0.3127218449563245 0.0
0.3965143086483209 0.0
0.31272184495632477 0.0
0.39651430864832105 0.0
0.26035707001108377 0.0
0.26035707001108394 0.0
0.3965143086483209 0.0
0.31272184495632444 0.0

0.31272184495632466 0.0
0.260357070011084 0.0
0.39651430864832093 0.0
0.31272184495632444 0.0
0.2256965084689814 0.0
0.3965143086483207 0.0
0.396514308648321 0.0
0.5182956084435253 0.0
0.3127218449563247 0.0
0.39651430864832077 0.0
0.260357070011084 0.0
0.3127218449563245 0.0

0.22569650846898143 0.0
0.39651430864832077 0.0
0.39651430864832077 0.0
0.31272184495632455 0.0
0.3127218449563245 0.0
0.2603570700110841 0.0
0.2603570700110839 0.0
0.3127218449563247 0.0
0.3127218449563247 0.0
0.3965143086483208 0.0
0.3965143086483209 0.0
0.5182956084435253 0.0

0.5182956084435255 0.0
0.31272184495632477 0.0
0.3127218449563245 0.0
0.3965143086483208 0.0
0.39651430864832093 0.0
0.26035707001108377 0.0
0.22569650846898134 0.0
0.31272184495632455 0.0
0.3127218449563247 0.0
0.396514308648321 0.0
0.39651430864832077 0.0
0.2603570700110839 0.0

0.31272184495632455 0.0
0.396514308648321 0.0
0.2603570700110841 0.0
0.2256965084689813 0.0
0.3127218449563244 0.0
0.39651430864832077 0.0
0.3965143086483211 0.0
0.31272184495632466 0.0
0.5182956084435255 0.0
0.2603570700110839 0.0
0.3965143086483209 0.0
0.31272184495632455 0.0

0.39651430864832116 0.0
0.3965143086483209 0.0
0.2603570700110838 0.0
0.2603570700110839 0.0
0.39651430864832105 0.0
0.3965143086483207 0.0
0.31272184495632466 0.0
0.31272184495632444 0.0
0.2256965084689812 0.0
0.5182956084435256 0.0
0.31272184495632477 0.0
0.3127218449563246 0.0

0.39651430864832093 0.0
0.39651430864832116 0.0
0.2603570700110837 0.0
0.2603570700110836 0.0
0.39651430864832077 0.0
0.3965143086483211 0.0
0.3127218449563248 0.0
0.31272184495632455 0.0
0.5182956084435258 0.0
0.22569650846898115 0.0
0.3127218449563248 0.0
0.3127218449563245 0.0

0.3127218449563249 0.0
0.3127218449563248 0.0
0.5182956084435251 0.0
0.260357070011084 0.0
0.3965143086483205 0.0
0.3965143086483206 0.0
0.31272184495632455 0.0
0.3127218449563247 0.0
0.22569650846898154 0.0
0.26035707001108405 0.0
0.3965143086483207 0.0
0.39651430864832066 0.0

0.3127218449563248 0.0
0.26035707001108377 0.0
0.3127218449563247 0.0
0.3127218449563247 0.0
0.2603570700110836 0.0
0.3127218449563247 0.0
0.3965143086483208 0.0
0.2256965084689812 0.0
0.39651430864832077 0.0
0.39651430864832105 0.0
0.5182956084435257 0.0
0.3965143086483209 0.0

0.39651430864832105 0.0
0.31272184495632444 0.0
0.260357070011084 0.0
0.22569650846898126 0.0
0.39651430864832105 0.0
0.31272184495632455 0.0
0.31272184495632455 0.0
0.396514308648321 0.0
0.5182956084435255 0.0
0.260357070011084 0.0
0.31272184495632444 0.0
0.39651430864832093 0.0

0.31272184495632466 0.0
0.260357070011084 0.0
0.39651430864832093 0.0
0.31272184495632455 0.0
0.5182956084435253 0.0
0.3965143086483208 0.0
0.3127218449563246 0.0
0.260357070011084 0.0
0.39651430864832093 0.0
0.31272184495632455 0.0
0.22569650846898134 0.0
0.3965143086483208 0.0

0.22569650846898126 0.0
0.3127218449563245 0.0
0.396514308648321 0.0
0.396514308648321 0.0
0.31272184495632455 0.0
0.5182956084435256 0.0
0.2603570700110838 0.0
0.396514308648321 0.0
0.3127218449563246 0.0
0.31272184495632455 0.0
0.39651430864832105 0.0
0.2603570700110839 0.0

0.3965143086483209 0.0
0.3965143086483208 0.0
0.5182956084435254 0.0
0.260357070011084 0.0
0.3127218449563246 0.0
0.31272184495632455 0.0
0.3127218449563246 0.0
0.31272184495632455 0.0
0.2603570700110841 0.0
0.22569650846898126 0.0
0.3965143086483209 0.0
0.39651430864832093 0.0

0.3965143086483209 0.0
0.22569650846898134 0.0
0.396514308648321 0.0
0.3127218449563243 0.0
0.26035707001108394 0.0
0.31272184495632455 0.0
0.396514308648321 0.0
0.5182956084435255 0.0
0.39651430864832093 0.0
0.3127218449563247 0.0
0.260357070011084 0.0
0.31272184495632455 0.0

0.3127218449563248 0.0
0.39651430864832093 0.0
0.5182956084435256 0.0
0.2256965084689813 0.0
0.3965143086483208 0.0
0.3127218449563247 0.0
0.3965143086483208 0.0
0.3127218449563247 0.0
0.26035707001108377 0.0
0.2603570700110837 0.0
0.31272184495632466 0.0
0.3965143086483208 0.0

0.3965143086483209 0.0
0.5182956084435255 0.0
0.3127218449563245 0.0
0.3127218449563245 0.0
0.2256965084689813 0.0
0.39651430864832105 0.0
0.3127218449563246 0.0
0.26035707001108394 0.0
0.39651430864832105 0.0
0.396514308648321 0.0
0.2603570700110839 0.0
0.3127218449563246 0.0

0.3965143086483209 0.0
0.2603570700110838 0.0
0.31272184495632466 0.0
0.396514308648321 0.0
0.5182956084435256 0.0
0.31272184495632455 0.0
0.39651430864832105 0.0
0.26035707001108394 0.0
0.3127218449563245 0.0
0.39651430864832093 0.0
0.22569650846898123 0.0
0.31272184495632466 0.0

0.260357070011084 0.0
0.31272184495632466 0.0
0.3965143086483209 0.0
0.3127218449563243 0.0
0.396514308648321 0.0
0.5182956084435253 0.0
0.26035707001108416 0.0
0.3127218449563245 0.0
0.396514308648321 0.0
0.31272184495632466 0.0
0.3965143086483207 0.0
0.22569650846898132 0.0

0.31272184495632444 0.0
0.3127218449563245 0.0
0.22569650846898123 0.0
0.2603570700110841 0.0
0.39651430864832105 0.0
0.39651430864832105 0.0
0.31272184495632444 0.0
0.3127218449563245 0.0
0.5182956084435255 0.0
0.260357070011084 0.0
0.39651430864832105 0.0
0.396514308648321 0.0

0.2603570700110841 0.0
0.39651430864832093 0.0
0.31272184495632455 0.0
0.3965143086483208 0.0
0.31272184495632455 0.0
0.5182956084435255 0.0
0.26035707001108394 0.0
0.39651430864832105 0.0
0.31272184495632455 0.0
0.39651430864832116 0.0
0.31272184495632444 0.0
0.2256965084689812 0.0

0.3965143086483208 0.0
0.22569650846898132 0.0
0.31272184495632466 0.0
0.3127218449563244 0.0
0.5182956084435253 0.0
0.39651430864832105 0.0
0.3127218449563244 0.0
0.260357070011084 0.0
0.396514308648321 0.0
0.3965143086483209 0.0
0.2603570700110841 0.0
0.31272184495632466 0.0

0.3127218449563245 0.0
0.39651430864832105 0.0
0.2603570700110841 0.0
0.5182956084435256 0.0
0.31272184495632444 0.0
0.39651430864832105 0.0
0.39651430864832093 0.0
0.31272184495632455 0.0
0.22569650846898132 0.0
0.2603570700110839 0.0
0.39651430864832093 0.0
0.31272184495632444 0.0

0.2603570700110842 0.0
0.3127218449563245 0.0
0.31272184495632455 0.0
0.31272184495632477 0.0
0.3127218449563247 0.0
0.2603570700110841 0.0
0.22569650846898143 0.0
0.3965143086483208 0.0
0.3965143086483208 0.0
0.39651430864832066 0.0
0.39651430864832066 0.0
0.5182956084435251 0.0

0.396514308648321 0.0
0.2603570700110838 0.0
0.31272184495632466 0.0
0.3965143086483208 0.0
0.22569650846898145 0.0
0.31272184495632444 0.0
0.3127218449563246 0.0
0.5182956084435252 0.0
0.39651430864832093 0.0
0.3127218449563244 0.0
0.2603570700110843 0.0
0.3965143086483207 0.0

0.22569650846898134 0.0
0.3965143086483207 0.0
0.31272184495632466 0.0
0.3127218449563245 0.0
0.39651430864832093 0.0
0.5182956084435253 0.0
0.26035707001108405 0.0
0.31272184495632466 0.0
0.3965143086483208 0.0
0.3965143086483209 0.0
0.3127218449563246 0.0
0.260357070011084 0.0

0.26035707001108394 0.0
0.31272184495632455 0.0
0.31272184495632444 0.0
0.3127218449563246 0.0
0.3127218449563246 0.0
0.2603570700110839 0.0
0.5182956084435257 0.0
0.3965143086483209 0.0
0.396514308648321 0.0
0.39651430864832105 0.0
0.39651430864832105 0.0
0.2256965084689812 0.0

0.31272184495632444 0.0
0.5182956084435253 0.0
0.31272184495632455 0.0
0.396514308648321 0.0
0.2603570700110842 0.0
0.3965143086483208 0.0
0.3127218449563245 0.0
0.22569650846898137 0.0
0.3127218449563244 0.0
0.39651430864832093 0.0
0.2603570700110841 0.0
0.39651430864832105 0.0

0.22569650846898137 0.0
0.3127218449563247 0.0
0.3127218449563249 0.0
0.3965143086483209 0.0
0.3965143086483209 0.0
0.260357070011084 0.0
0.5182956084435255 0.0
0.3127218449563246 0.0
0.3127218449563246 0.0
0.39651430864832066 0.0
0.39651430864832077 0.0
0.26035707001108377 0.0

0.396514308648321 0.0
0.3127218449563247 0.0
0.260357070011084 0.0
0.22569650846898137 0.0
0.3965143086483208 0.0
0.3127218449563245 0.0
0.3965143086483207 0.0
0.3127218449563244 0.0
0.2603570700110844 0.0
0.5182956084435252 0.0
0.3965143086483207 0.0
0.3127218449563246 0.0

0.31272184495632455 0.0
0.3965143086483209 0.0
0.2256965084689812 0.0
0.5182956084435256 0.0
0.396514308648321 0.0
0.3127218449563246 0.0
0.39651430864832093 0.0
0.31272184495632466 0.0
0.2603570700110839 0.0
0.260357070011084 0.0
0.3127218449563245 0.0
0.396514308648321 0.0

0.31272184495632455 0.0
0.31272184495632444 0.0
0.2603570700110841 0.0
0.26035707001108394 0.0
0.31272184495632477 0.0
0.31272184495632466 0.0
0.39651430864832066 0.0
0.39651430864832077 0.0
0.5182956084435253 0.0
0.22569650846898143 0.0
0.3965143086483209 0.0
0.396514308648321 0.0

0.39651430864832093 0.0
0.39651430864832093 0.0
0.22569650846898132 0.0
0.2603570700110841 0.0
0.31272184495632455 0.0
0.3127218449563245 0.0
0.31272184495632455 0.0
0.3127218449563243 0.0
0.2603570700110841 0.0
0.5182956084435254 0.0
0.39651430864832093 0.0
0.3965143086483209 0.0

0.26035707001108394 0.0
0.396514308648321 0.0
0.3965143086483211 0.0
0.396514308648321 0.0
0.3965143086483208 0.0
0.2603570700110839 0.0
0.5182956084435255 0.0
0.3127218449563246 0.0
0.31272184495632455 0.0
0.3127218449563245 0.0
0.31272184495632455 0.0
0.22569650846898132 0.0

0.26035707001108427 0.0
0.31272184495632455 0.0
0.39651430864832077 0.0
0.31272184495632455 0.0
0.3965143086483208 0.0
0.22569650846898123 0.0
0.5182956084435254 0.0
0.39651430864832093 0.0
0.3127218449563247 0.0
0.39651430864832093 0.0
0.31272184495632466 0.0
0.26035707001108377 0.0

0.26035707001108405 0.0
0.3965143086483208 0.0
0.31272184495632455 0.0
0.3965143086483209 0.0
0.31272184495632466 0.0
0.22569650846898137 0.0
0.2603570700110841 0.0
0.39651430864832077 0.0
0.3127218449563246 0.0
0.3965143086483208 0.0
0.3127218449563246 0.0
0.5182956084435252 0.0

0.31272184495632466 0.0
0.31272184495632444 0.0
0.22569650846898132 0.0
0.260357070011084 0.0
0.39651430864832105 0.0
0.396514308648321 0.0
0.3965143086483209 0.0
0.39651430864832093 0.0
0.26035707001108416 0.0
0.5182956084435255 0.0
0.31272184495632444 0.0
0.31272184495632444 0.0

0.5182956084435255 0.0
0.3965143086483208 0.0
0.31272184495632477 0.0
0.31272184495632466 0.0
0.3965143086483208 0.0
0.22569650846898123 0.0
0.2603570700110839 0.0
0.3127218449563248 0.0
0.396514308648321 0.0
0.39651430864832066 0.0
0.31272184495632466 0.0
0.2603570700110839 0.0

0.39651430864832127 0.0
0.26035707001108377 0.0
0.3127218449563248 0.0
0.39651430864832116 0.0
0.22569650846898118 0.0
0.31272184495632466 0.0
0.3965143086483208 0.0
0.26035707001108366 0.0
0.3127218449563244 0.0
0.39651430864832093 0.0
0.518295608443526 0.0
0.3127218449563246 0.0

0.5182956084435254 0.0
0.3127218449563243 0.0
0.396514308648321 0.0
0.3965143086483211 0.0
0.3127218449563245 0.0
0.2256965084689813 0.0
0.2603570700110841 0.0
0.3965143086483211 0.0
0.3127218449563245 0.0
0.3127218449563243 0.0
0.39651430864832105 0.0
0.26035707001108416 0.0

0.3127218449563246 0.0
0.31272184495632455 0.0
0.260357070011084 0.0
0.26035707001108394 0.0
0.3127218449563245 0.0
0.31272184495632455 0.0
0.39651430864832093 0.0
0.39651430864832093 0.0
0.2256965084689813 0.0
0.5182956084435254 0.0
0.396514308648321 0.0
0.396514308648321 0.0

0.2603570700110838 0.0
0.39651430864832093 0.0
0.3127218449563247 0.0
0.39651430864832093 0.0
0.31272184495632466 0.0
0.5182956084435258 0.0
0.22569650846898118 0.0
0.3127218449563246 0.0
0.3965143086483211 0.0
0.3127218449563245 0.0
0.39651430864832105 0.0
0.2603570700110838 0.0

0.3965143086483208 0.0
0.31272184495632455 0.0
0.22569650846898145 0.0
0.5182956084435251 0.0
0.31272184495632466 0.0
0.3965143086483208 0.0
0.31272184495632455 0.0
0.39651430864832093 0.0
0.2603570700110842 0.0
0.260357070011084 0.0
0.3965143086483207 0.0
0.31272184495632466 0.0

0.31272184495632444 0.0
0.396514308648321 0.0
0.2603570700110841 0.0
0.2256965084689813 0.0
0.3127218449563245 0.0
0.39651430864832105 0.0
0.31272184495632444 0.0
0.39651430864832105 0.0
0.2603570700110843 0.0
0.5182956084435254 0.0
0.31272184495632427 0.0
0.3965143086483209 0.0

0.3127218449563245 0.0
0.3127218449563245 0.0
0.5182956084435256 0.0
0.260357070011084 0.0
0.39651430864832105 0.0
0.39651430864832105 0.0
0.39651430864832105 0.0
0.396514308648321 0.0
0.26035707001108394 0.0
0.22569650846898132 0.0
0.31272184495632455 0.0
0.3127218449563245 0.0

0.22569650846898134 0.0
0.39651430864832077 0.0
0.3965143086483208 0.0
0.3127218449563247 0.0
0.31272184495632477 0.0
0.26035707001108394 0.0
0.5182956084435255 0.0
0.3965143086483208 0.0
0.39651430864832077 0.0
0.3127218449563247 0.0
0.3127218449563247 0.0
0.2603570700110838 0.0

0.26035707001108427 0.0
0.3127218449563244 0.0
0.396514308648321 0.0
0.31272184495632466 0.0
0.3965143086483207 0.0
0.5182956084435252 0.0
0.22569650846898137 0.0
0.39651430864832105 0.0
0.31272184495632427 0.0
0.3965143086483208 0.0
0.3127218449563247 0.0
0.26035707001108416 0.0

0.33333 0.0
0.33333 0.0
0.33333 0.0
0.33333 0.0
0.33333 0.0
0.33333 0.0
0.33333 0.0
0.33333 0.0
0.33333 0.0
0.33333 0.0
0.33333 0.0
0.33333 0.0

0.49999999999999994 0.0
0.3333333333333333 0.0
0.8333333333333333 0.0
0.16666666666666669 0.0
0.33333333333333337 0.0
0.49999999999999994 0.0
0.49999999999999994 0.0
0.6666666666666666 0.0
0.16666666666666666 0.0
0.16666666666666666 0.0
0.33333333333333326 0.0
0.16666666666666669 0.0

0.33333333333333326 0.0
0.5 0.0
0.16666666666666666 0.0
0.8333333333333335 0.0
0.5 0.0
0.33333333333333326 0.0
0.33333333333333326 0.0
0.5 0.0
0.16666666666666666 0.0
0.16666666666666669 0.0
0.16666666666666657 0.0
0.6666666666666669 0.0

0.3333333333333333 0.0
0.8333333333333336 0.0
0.5 0.0
0.5 0.0
0.16666666666666663 0.0
0.3333333333333333 0.0
0.6666666666666669 0.0
0.16666666666666666 0.0
0.5 0.0
0.1666666666666666 0.0
0.16666666666666663 0.0
0.3333333333333333 0.0

0.6666666666666669 0.0
0.8333333333333336 0.0
0.5000000000000001 0.0
0.1666666666666666 0.0
0.1666666666666666 0.0
0.3333333333333333 0.0
0.3333333333333333 0.0
0.16666666666666663 0.0
0.5000000000000001 0.0
0.5000000000000001 0.0
0.1666666666666666 0.0
0.3333333333333333 0.0

0.16666666666666663 0.0
0.5000000000000001 0.0
0.6666666666666671 0.0
0.3333333333333332 0.0
0.5000000000000001 0.0
0.16666666666666663 0.0
0.16666666666666663 0.0
0.1666666666666665 0.0
0.3333333333333333 0.0
0.3333333333333333 0.0
0.5000000000000002 0.0
0.8333333333333338 0.0

0.5 0.0
0.16666666666666666 0.0
0.33333333333333337 0.0
0.3333333333333333 0.0
0.8333333333333333 0.0
0.5 0.0
0.5 0.0
0.16666666666666669 0.0
0.3333333333333333 0.0
0.6666666666666666 0.0
0.16666666666666666 0.0
0.16666666666666666 0.0

0.5 0.0
0.8333333333333335 0.0
0.6666666666666667 0.0
0.33333333333333337 0.0
0.16666666666666663 0.0
0.1666666666666666 0.0
0.5000000000000001 0.0
0.16666666666666669 0.0
0.3333333333333333 0.0
0.3333333333333333 0.0
0.16666666666666663 0.0
0.5 0.0

0.5 0.0
0.16666666666666663 0.0
0.3333333333333333 0.0
0.33333333333333337 0.0
0.16666666666666663 0.0
0.16666666666666663 0.0
0.5000000000000001 0.0
0.8333333333333335 0.0
0.6666666666666667 0.0
0.33333333333333337 0.0
0.16666666666666663 0.0
0.5000000000000001 0.0

0.5000000000000001 0.0
0.3333333333333333 0.0
0.1666666666666666 0.0
0.8333333333333336 0.0
0.666666666666667 0.0
0.1666666666666666 0.0
0.5000000000000001 0.0
0.3333333333333333 0.0
0.16666666666666663 0.0
0.16666666666666663 0.0
0.3333333333333333 0.0
0.5000000000000001 0.0

0.3333333333333333 0.0
0.16666666666666663 0.0
0.5000000000000002 0.0
0.16666666666666644 0.0
0.8333333333333339 0.0
0.6666666666666672 0.0
0.3333333333333333 0.0
0.1666666666666666 0.0
0.5000000000000002 0.0
0.5000000000000002 0.0
0.16666666666666657 0.0
0.33333333333333326 0.0

0.6666666666666666 0.0
0.16666666666666666 0.0
0.5 0.0
0.5 0.0
0.16666666666666666 0.0
0.33333333333333337 0.0
0.3333333333333333 0.0
0.16666666666666666 0.0
0.16666666666666666 0.0
0.5 0.0
0.8333333333333333 0.0
0.3333333333333333 0.0

0.33333333333333337 0.0
0.5 0.0
0.1666666666666666 0.0
0.8333333333333335 0.0
0.5000000000000001 0.0
0.33333333333333337 0.0
0.6666666666666669 0.0
0.1666666666666666 0.0
0.16666666666666663 0.0
0.16666666666666663 0.0
0.5000000000000001 0.0
0.3333333333333333 0.0

0.8333333333333337 0.0
0.3333333333333333 0.0
0.16666666666666655 0.0
0.5000000000000001 0.0
0.666666666666667 0.0
0.16666666666666666 0.0
0.1666666666666666 0.0
0.3333333333333333 0.0
0.5000000000000001 0.0
0.5000000000000001 0.0
0.33333333333333337 0.0
0.1666666666666666 0.0

0.1666666666666666 0.0
0.8333333333333337 0.0
0.3333333333333333 0.0
0.6666666666666669 0.0
0.16666666666666663 0.0
0.5000000000000001 0.0
0.5000000000000001 0.0
0.16666666666666663 0.0
0.3333333333333333 0.0
0.3333333333333333 0.0
0.16666666666666663 0.0
0.5000000000000001 0.0

0.16666666666666663 0.0
0.1666666666666666 0.0
0.3333333333333333 0.0
0.33333333333333326 0.0
0.5 0.0
0.16666666666666663 0.0
0.16666666666666663 0.0
0.5000000000000001 0.0
0.6666666666666669 0.0
0.3333333333333334 0.0
0.5000000000000001 0.0
0.8333333333333336 0.0

0.5 0.0
0.16666666666666669 0.0
0.3333333333333333 0.0
0.6666666666666669 0.0
0.16666666666666669 0.0
0.5000000000000001 0.0
0.5 0.0
0.16666666666666666 0.0
0.3333333333333333 0.0
0.33333333333333326 0.0
0.8333333333333334 0.0
0.1666666666666666 0.0

0.5000000000000001 0.0
0.33333333333333326 0.0
0.16666666666666663 0.0
0.16666666666666663 0.0
0.6666666666666671 0.0
0.5000000000000002 0.0
0.5000000000000002 0.0
0.33333333333333337 0.0
0.16666666666666663 0.0
0.8333333333333338 0.0
0.3333333333333333 0.0
0.1666666666666665 0.0

0.3333333333333333 0.0
0.1666666666666666 0.0
0.5000000000000001 0.0
0.5000000000000002 0.0
0.8333333333333339 0.0
0.3333333333333333 0.0
0.6666666666666671 0.0
0.16666666666666657 0.0
0.16666666666666652 0.0
0.5000000000000002 0.0
0.1666666666666666 0.0
0.33333333333333337 0.0

0.16666666666666646 0.0
0.16666666666666655 0.0
0.3333333333333334 0.0
0.3333333333333334 0.0
0.16666666666666657 0.0
0.5000000000000003 0.0
0.5000000000000001 0.0
0.8333333333333341 0.0
0.33333333333333326 0.0
0.6666666666666672 0.0
0.16666666666666655 0.0
0.5000000000000003 0.0

0.16666666666666669 0.0
0.33333333333333337 0.0
0.5 0.0
0.5000000000000001 0.0
0.6666666666666666 0.0
0.16666666666666666 0.0
0.16666666666666666 0.0
0.3333333333333333 0.0
0.5000000000000001 0.0
0.16666666666666666 0.0
0.3333333333333333 0.0
0.8333333333333334 0.0

0.666666666666667 0.0
0.16666666666666657 0.0
0.1666666666666666 0.0
0.8333333333333337 0.0
0.5000000000000001 0.0
0.33333333333333337 0.0
0.33333333333333326 0.0
0.5000000000000001 0.0
0.1666666666666666 0.0
0.16666666666666663 0.0
0.5000000000000002 0.0
0.33333333333333337 0.0

0.16666666666666663 0.0
0.16666666666666663 0.0
0.33333333333333337 0.0
0.3333333333333333 0.0
0.1666666666666666 0.0
0.5000000000000001 0.0
0.5 0.0
0.16666666666666663 0.0
0.6666666666666669 0.0
0.3333333333333333 0.0
0.8333333333333337 0.0
0.5000000000000001 0.0

0.1666666666666666 0.0
0.5000000000000001 0.0
0.33333333333333326 0.0
0.33333333333333337 0.0
0.16666666666666652 0.0
0.16666666666666663 0.0
0.16666666666666663 0.0
0.5000000000000002 0.0
0.33333333333333337 0.0
0.6666666666666671 0.0
0.5000000000000001 0.0
0.8333333333333338 0.0

0.33333333333333326 0.0
0.1666666666666666 0.0
0.16666666666666652 0.0
0.5000000000000002 0.0
0.16666666666666657 0.0
0.3333333333333334 0.0
0.6666666666666671 0.0
0.1666666666666666 0.0
0.5000000000000002 0.0
0.5000000000000001 0.0
0.8333333333333339 0.0
0.3333333333333333 0.0

0.1666666666666666 0.0
0.33333333333333337 0.0
0.5000000000000002 0.0
0.16666666666666657 0.0
0.3333333333333334 0.0
0.16666666666666663 0.0
0.8333333333333336 0.0
0.6666666666666669 0.0
0.5000000000000001 0.0
0.5000000000000001 0.0
0.3333333333333333 0.0
0.1666666666666666 0.0

0.1666666666666666 0.0
0.6666666666666672 0.0
0.1666666666666665 0.0
0.5000000000000002 0.0
0.3333333333333333 0.0
0.8333333333333339 0.0
0.16666666666666663 0.0
0.3333333333333334 0.0
0.5000000000000002 0.0
0.5000000000000002 0.0
0.33333333333333326 0.0
0.16666666666666657 0.0

0.666666666666667 0.0
0.16666666666666663 0.0
0.5000000000000001 0.0
0.5000000000000001 0.0
0.16666666666666666 0.0
0.3333333333333333 0.0
0.3333333333333333 0.0
0.8333333333333336 0.0
0.5000000000000001 0.0
0.16666666666666657 0.0
0.16666666666666663 0.0
0.3333333333333333 0.0

0.33333333333333337 0.0
0.5000000000000001 0.0
0.16666666666666663 0.0
0.16666666666666663 0.0
0.5000000000000001 0.0
0.6666666666666669 0.0
0.33333333333333337 0.0
0.5000000000000001 0.0
0.16666666666666663 0.0
0.8333333333333336 0.0
0.16666666666666663 0.0
0.3333333333333333 0.0

0.1666666666666666 0.0
0.3333333333333333 0.0
0.16666666666666655 0.0
0.5000000000000002 0.0
0.3333333333333334 0.0
0.16666666666666663 0.0
0.8333333333333338 0.0
0.3333333333333333 0.0
0.5000000000000001 0.0
0.5000000000000002 0.0
0.666666666666667 0.0
0.16666666666666657 0.0

0.16666666666666666 0.0
0.5 0.0
0.6666666666666667 0.0
0.33333333333333337 0.0
0.5000000000000001 0.0
0.16666666666666663 0.0
0.8333333333333335 0.0
0.5 0.0
0.3333333333333333 0.0
0.33333333333333337 0.0
0.16666666666666663 0.0
0.16666666666666666 0.0

0.5000000000000001 0.0
0.1666666666666666 0.0
0.3333333333333333 0.0
0.33333333333333337 0.0
0.1666666666666666 0.0
0.16666666666666657 0.0
0.5000000000000002 0.0
0.1666666666666666 0.0
0.3333333333333333 0.0
0.6666666666666671 0.0
0.8333333333333338 0.0
0.5000000000000001 0.0

0.16666666666666663 0.0
0.5 0.0
0.3333333333333333 0.0
0.6666666666666671 0.0
0.5000000000000002 0.0
0.16666666666666663 0.0
0.8333333333333338 0.0
0.16666666666666652 0.0
0.33333333333333326 0.0
0.33333333333333337 0.0
0.5000000000000002 0.0
0.16666666666666663 0.0

0.3333333333333332 0.0
0.5000000000000002 0.0
0.1666666666666666 0.0
0.8333333333333337 0.0
0.16666666666666657 0.0
0.666666666666667 0.0
0.3333333333333333 0.0
0.5000000000000001 0.0
0.16666666666666663 0.0
0.16666666666666663 0.0
0.5000000000000001 0.0
0.33333333333333337 0.0

0.5000000000000001 0.0
0.3333333333333333 0.0
0.16666666666666657 0.0
0.16666666666666657 0.0
0.3333333333333333 0.0
0.16666666666666655 0.0
0.5000000000000002 0.0
0.6666666666666671 0.0
0.833333333333334 0.0
0.16666666666666657 0.0
0.33333333333333337 0.0
0.5000000000000002 0.0

0.1666666666666666 0.0
0.666666666666667 0.0
0.5000000000000001 0.0
0.5000000000000002 0.0
0.3333333333333333 0.0
0.1666666666666666 0.0
0.16666666666666657 0.0
0.3333333333333334 0.0
0.16666666666666655 0.0
0.5000000000000002 0.0
0.3333333333333333 0.0
0.8333333333333338 0.0

0.5 0.0
0.16666666666666669 0.0
0.33333333333333337 0.0
0.33333333333333337 0.0
0.8333333333333333 0.0
0.5 0.0
0.16666666666666666 0.0
0.16666666666666669 0.0
0.6666666666666666 0.0
0.33333333333333326 0.0
0.16666666666666669 0.0
0.5000000000000001 0.0

0.33333333333333315 0.0
0.5000000000000002 0.0
0.8333333333333339 0.0
0.1666666666666666 0.0
0.5000000000000003 0.0
0.33333333333333337 0.0
0.3333333333333334 0.0
0.1666666666666665 0.0
0.1666666666666666 0.0
0.16666666666666657 0.0
0.5000000000000002 0.0
0.6666666666666673 0.0

0.16666666666666663 0.0
0.3333333333333333 0.0
0.5000000000000002 0.0
0.5000000000000001 0.0
0.33333333333333337 0.0
0.8333333333333337 0.0
0.1666666666666666 0.0
0.666666666666667 0.0
0.16666666666666657 0.0
0.5000000000000001 0.0
0.3333333333333333 0.0
0.16666666666666663 0.0

0.33333333333333337 0.0
0.16666666666666652 0.0
0.1666666666666666 0.0
0.16666666666666657 0.0
0.5000000000000002 0.0
0.33333333333333337 0.0
0.3333333333333333 0.0
0.5000000000000002 0.0
0.8333333333333339 0.0
0.16666666666666657 0.0
0.5000000000000001 0.0
0.6666666666666671 0.0

0.5000000000000001 0.0
0.16666666666666663 0.0
0.33333333333333337 0.0
0.666666666666667 0.0
0.16666666666666666 0.0
0.5000000000000001 0.0
0.1666666666666666 0.0
0.8333333333333337 0.0
0.33333333333333337 0.0
0.33333333333333326 0.0
0.1666666666666666 0.0
0.5000000000000001 0.0

0.33333333333333326 0.0
0.16666666666666663 0.0
0.16666666666666652 0.0
0.5000000000000001 0.0
0.1666666666666666 0.0
0.33333333333333337 0.0
0.33333333333333337 0.0
0.8333333333333338 0.0
0.5000000000000002 0.0
0.5000000000000002 0.0
0.16666666666666663 0.0
0.6666666666666671 0.0

0.33333333333333337 0.0
0.5000000000000002 0.0
0.8333333333333338 0.0
0.16666666666666657 0.0
0.5000000000000001 0.0
0.33333333333333337 0.0
0.666666666666667 0.0
0.5000000000000002 0.0
0.1666666666666666 0.0
0.1666666666666666 0.0
0.16666666666666655 0.0
0.33333333333333337 0.0

0.3333333333333333 0.0
0.16666666666666655 0.0
0.8333333333333339 0.0
0.16666666666666655 0.0
0.5000000000000003 0.0
0.6666666666666671 0.0
0.33333333333333337 0.0
0.5000000000000001 0.0
0.16666666666666657 0.0
0.16666666666666655 0.0
0.5000000000000002 0.0
0.3333333333333335 0.0

0.16666666666666666 0.0
0.5000000000000001 0.0
0.33333333333333337 0.0
0.6666666666666669 0.0
0.1666666666666666 0.0
0.8333333333333335 0.0
0.16666666666666663 0.0
0.5000000000000001 0.0
0.3333333333333333 0.0
0.3333333333333333 0.0
0.5000000000000001 0.0
0.16666666666666663 0.0

0.5 0.0
0.3333333333333333 0.0
0.8333333333333337 0.0
0.1666666666666666 0.0
0.3333333333333334 0.0
0.5000000000000001 0.0
0.16666666666666663 0.0
0.3333333333333333 0.0
0.16666666666666663 0.0
0.16666666666666663 0.0
0.6666666666666669 0.0
0.5000000000000001 0.0

0.16666666666666652 0.0
0.3333333333333333 0.0
0.8333333333333338 0.0
0.16666666666666657 0.0
0.6666666666666671 0.0
0.5000000000000003 0.0
0.5000000000000003 0.0
0.33333333333333337 0.0
0.1666666666666666 0.0
0.1666666666666666 0.0
0.3333333333333333 0.0
0.5000000000000001 0.0

0.666666666666667 0.0
0.5 0.0
0.16666666666666663 0.0
0.16666666666666666 0.0
0.5000000000000001 0.0
0.3333333333333333 0.0
0.33333333333333326 0.0
0.5000000000000001 0.0
0.8333333333333336 0.0
0.16666666666666666 0.0
0.16666666666666663 0.0
0.33333333333333337 0.0

0.8333333333333337 0.0
0.5 0.0
0.33333333333333326 0.0
0.3333333333333334 0.0
0.5000000000000002 0.0
0.16666666666666663 0.0
0.1666666666666666 0.0
0.5000000000000002 0.0
0.6666666666666669 0.0
0.3333333333333333 0.0
0.1666666666666666 0.0
0.16666666666666663 0.0

0.3333333333333334 0.0
0.5000000000000002 0.0
0.16666666666666655 0.0
0.1666666666666666 0.0
0.5000000000000002 0.0
0.666666666666667 0.0
0.33333333333333326 0.0
0.16666666666666657 0.0
0.8333333333333339 0.0
0.1666666666666666 0.0
0.5000000000000001 0.0
0.3333333333333333 0.0

0.16666666666666663 0.0
0.3333333333333334 0.0
0.5000000000000002 0.0
0.5000000000000001 0.0
0.666666666666667 0.0
0.16666666666666657 0.0
0.8333333333333337 0.0
0.33333333333333337 0.0
0.1666666666666666 0.0
0.5000000000000001 0.0
0.33333333333333326 0.0
0.16666666666666663 0.0

0.16666666666666657 0.0
0.666666666666667 0.0
0.16666666666666669 0.0
0.8333333333333336 0.0
0.3333333333333333 0.0
0.5000000000000001 0.0
0.5000000000000001 0.0
0.33333333333333326 0.0
0.16666666666666666 0.0
0.16666666666666666 0.0
0.3333333333333333 0.0
0.5000000000000001 0.0

0.8333333333333339 0.0
0.5000000000000002 0.0
0.3333333333333333 0.0
0.33333333333333337 0.0
0.5000000000000002 0.0
0.16666666666666657 0.0
0.16666666666666663 0.0
0.16666666666666652 0.0
0.3333333333333333 0.0
0.6666666666666672 0.0
0.5000000000000002 0.0
0.16666666666666657 0.0

0.33333333333333326 0.0
0.8333333333333338 0.0
0.5000000000000002 0.0
0.5000000000000002 0.0
0.16666666666666663 0.0
0.3333333333333333 0.0
0.33333333333333337 0.0
0.16666666666666663 0.0
0.16666666666666655 0.0
0.5000000000000001 0.0
0.16666666666666663 0.0
0.6666666666666671 0.0

0.33333333333333337 0.0
0.1666666666666666 0.0
0.5000000000000002 0.0
0.5000000000000001 0.0
0.16666666666666663 0.0
0.666666666666667 0.0
0.3333333333333333 0.0
0.16666666666666663 0.0
0.5000000000000001 0.0
0.16666666666666657 0.0
0.8333333333333338 0.0
0.33333333333333337 0.0

0.16666666666666646 0.0
0.3333333333333333 0.0
0.16666666666666655 0.0
0.16666666666666655 0.0
0.33333333333333337 0.0
0.5000000000000003 0.0
0.5000000000000003 0.0
0.6666666666666672 0.0
0.16666666666666657 0.0
0.8333333333333341 0.0
0.3333333333333334 0.0
0.5000000000000002 0.0

0.1666666666666666 0.0
0.5000000000000003 0.0
0.33333333333333337 0.0
0.6666666666666672 0.0
0.5000000000000002 0.0
0.16666666666666657 0.0
0.16666666666666655 0.0
0.5000000000000002 0.0
0.3333333333333333 0.0
0.33333333333333337 0.0
0.16666666666666652 0.0
0.833333333333334 0.0

0.3333333333333333 0.0
0.16666666666666666 0.0
0.5000000000000002 0.0
0.16666666666666652 0.0
0.16666666666666669 0.0
0.3333333333333333 0.0
0.6666666666666671 0.0
0.8333333333333337 0.0
0.5000000000000001 0.0
0.5000000000000001 0.0
0.16666666666666663 0.0
0.33333333333333326 0.0

0.5000000000000002 0.0
0.6666666666666671 0.0
0.1666666666666666 0.0
0.16666666666666657 0.0
0.33333333333333337 0.0
0.5000000000000002 0.0
0.5000000000000001 0.0
0.33333333333333337 0.0
0.8333333333333339 0.0
0.1666666666666666 0.0
0.3333333333333333 0.0
0.16666666666666655 0.0

0.5000000000000001 0.0
0.16666666666666663 0.0
0.3333333333333333 0.0
0.6666666666666669 0.0
0.8333333333333337 0.0
0.16666666666666663 0.0
0.5000000000000001 0.0
0.16666666666666666 0.0
0.33333333333333337 0.0
0.3333333333333333 0.0
0.16666666666666663 0.0
0.5000000000000001 0.0

0.5000000000000002 0.0
0.8333333333333339 0.0
0.33333333333333326 0.0
0.3333333333333333 0.0
0.1666666666666666 0.0
0.5000000000000002 0.0
0.5000000000000002 0.0
0.16666666666666666 0.0
0.6666666666666672 0.0
0.33333333333333326 0.0
0.16666666666666663 0.0
0.16666666666666652 0.0

0.5000000000000003 0.0
0.833333333333334 0.0
0.3333333333333333 0.0
0.3333333333333333 0.0
0.16666666666666657 0.0
0.5000000000000002 0.0
0.16666666666666652 0.0
0.16666666666666655 0.0
0.3333333333333334 0.0
0.6666666666666672 0.0
0.16666666666666657 0.0
0.5000000000000002 0.0

0.8333333333333338 0.0
0.33333333333333337 0.0
0.5000000000000002 0.0
0.5000000000000002 0.0
0.33333333333333337 0.0
0.16666666666666657 0.0
0.1666666666666666 0.0
0.6666666666666671 0.0
0.5000000000000002 0.0
0.16666666666666657 0.0
0.33333333333333337 0.0
0.16666666666666657 0.0

0.1666666666666666 0.0
0.1666666666666665 0.0
0.33333333333333337 0.0
0.3333333333333333 0.0
0.5000000000000003 0.0
0.16666666666666663 0.0
0.8333333333333339 0.0
0.5000000000000002 0.0
0.33333333333333326 0.0
0.6666666666666672 0.0
0.5000000000000001 0.0
0.1666666666666666 0.0

0.16666666666666657 0.0
0.5000000000000002 0.0
0.3333333333333333 0.0
0.3333333333333334 0.0
0.1666666666666665 0.0
0.1666666666666666 0.0
0.8333333333333341 0.0
0.5000000000000002 0.0
0.6666666666666672 0.0
0.3333333333333333 0.0
0.5000000000000003 0.0
0.16666666666666655 0.0

0.3333333333333333 0.0
0.5000000000000001 0.0
0.1666666666666666 0.0
0.1666666666666666 0.0
0.16666666666666652 0.0
0.3333333333333333 0.0
0.6666666666666672 0.0
0.5000000000000002 0.0
0.833333333333334 0.0
0.1666666666666666 0.0
0.5000000000000002 0.0
0.3333333333333334 0.0

0.33333333333333337 0.0
0.16666666666666657 0.0
0.5000000000000002 0.0
0.5000000000000003 0.0
0.833333333333334 0.0
0.33333333333333337 0.0
0.33333333333333337 0.0
0.16666666666666655 0.0
0.5000000000000003 0.0
0.1666666666666665 0.0
0.16666666666666657 0.0
0.6666666666666671 0.0

0.1666666666666666 0.0
0.3333333333333332 0.0
0.5000000000000003 0.0
0.5000000000000002 0.0
0.33333333333333337 0.0
0.833333333333334 0.0
0.16666666666666655 0.0
0.33333333333333337 0.0
0.5000000000000002 0.0
0.16666666666666652 0.0
0.6666666666666671 0.0
0.1666666666666666 0.0

0.6666666666666674 0.0
0.5000000000000002 0.0
0.8333333333333343 0.0
0.1666666666666666 0.0
0.1666666666666664 0.0
0.33333333333333337 0.0
0.3333333333333332 0.0
0.5000000000000003 0.0
0.16666666666666657 0.0
0.1666666666666666 0.0
0.5000000000000003 0.0
0.3333333333333333 0.0

0.3333333333333334 0.0
0.16666666666666657 0.0
0.5000000000000002 0.0
0.16666666666666655 0.0
0.1666666666666666 0.0
0.33333333333333326 0.0
0.3333333333333333 0.0
0.1666666666666666 0.0
0.5000000000000001 0.0
0.5000000000000003 0.0
0.833333333333334 0.0
0.6666666666666671 0.0

0.5000000000000002 0.0
0.33333333333333326 0.0
0.16666666666666663 0.0
0.1666666666666666 0.0
0.3333333333333333 0.0
0.16666666666666646 0.0
0.5000000000000003 0.0
0.3333333333333333 0.0
0.16666666666666663 0.0
0.833333333333334 0.0
0.6666666666666673 0.0
0.5000000000000002 0.0

0.1666666666666666 0.0
0.1666666666666665 0.0
0.6666666666666672 0.0
0.3333333333333332 0.0
0.5000000000000002 0.0
0.8333333333333339 0.0
0.16666666666666663 0.0
0.5000000000000002 0.0
0.33333333333333337 0.0
0.33333333333333337 0.0
0.5000000000000002 0.0
0.16666666666666663 0.0

0.16666666666666657 0.0
0.33333333333333337 0.0
0.5000000000000003 0.0
0.16666666666666646 0.0
0.6666666666666673 0.0
0.833333333333334 0.0
0.16666666666666657 0.0
0.33333333333333326 0.0
0.5000000000000003 0.0
0.5000000000000002 0.0
0.33333333333333337 0.0
0.1666666666666666 0.0

0.1666666666666665 0.0
0.16666666666666657 0.0
0.6666666666666671 0.0
0.33333333333333326 0.0
0.8333333333333339 0.0
0.5000000000000003 0.0
0.5000000000000002 0.0
0.1666666666666666 0.0
0.33333333333333337 0.0
0.33333333333333337 0.0
0.16666666666666663 0.0
0.5000000000000002 0.0

0.8333333333333344 0.0
0.3333333333333334 0.0
0.5000000000000004 0.0
0.5000000000000003 0.0
0.33333333333333337 0.0
0.1666666666666665 0.0
0.1666666666666665 0.0
0.3333333333333333 0.0
0.16666666666666644 0.0
0.5000000000000004 0.0
0.6666666666666674 0.0
0.16666666666666655 0.0

0.3333333333333333 0.0
0.16666666666666663 0.0
0.5000000000000002 0.0
0.5000000000000002 0.0
0.16666666666666663 0.0
0.6666666666666671 0.0
0.33333333333333326 0.0
0.8333333333333338 0.0
0.16666666666666655 0.0
0.5000000000000002 0.0
0.16666666666666663 0.0
0.33333333333333326 0.0

0.5000000000000001 0.0
0.1666666666666666 0.0
0.6666666666666671 0.0
0.33333333333333337 0.0
0.1666666666666666 0.0
0.5000000000000002 0.0
0.5000000000000002 0.0
0.8333333333333339 0.0
0.3333333333333333 0.0
0.33333333333333337 0.0
0.1666666666666666 0.0
0.16666666666666657 0.0

0.8333333333333339 0.0
0.1666666666666665 0.0
0.33333333333333337 0.0
0.6666666666666672 0.0
0.5000000000000002 0.0
0.1666666666666666 0.0
0.16666666666666657 0.0
0.5000000000000002 0.0
0.3333333333333333 0.0
0.33333333333333337 0.0
0.5000000000000003 0.0
0.16666666666666663 0.0

0.5000000000000003 0.0
0.6666666666666672 0.0
0.833333333333334 0.0
0.1666666666666666 0.0
0.3333333333333332 0.0
0.1666666666666665 0.0
0.5000000000000002 0.0
0.33333333333333337 0.0
0.16666666666666663 0.0
0.16666666666666663 0.0
0.33333333333333337 0.0
0.5000000000000002 0.0

0.833333333333334 0.0
0.6666666666666671 0.0
0.5000000000000002 0.0
0.16666666666666655 0.0
0.33333333333333337 0.0
0.1666666666666666 0.0
0.16666666666666657 0.0
0.3333333333333334 0.0
0.5000000000000002 0.0
0.5000000000000002 0.0
0.33333333333333337 0.0
0.16666666666666657 0.0

0.3333333333333334 0.0
0.5000000000000003 0.0
0.16666666666666666 0.0
0.16666666666666666 0.0
0.16666666666666652 0.0
0.33333333333333337 0.0
0.3333333333333332 0.0
0.5000000000000001 0.0
0.16666666666666663 0.0
0.8333333333333338 0.0
0.5000000000000001 0.0
0.666666666666667 0.0

0.8333333333333339 0.0
0.5000000000000003 0.0
0.666666666666667 0.0
0.3333333333333333 0.0
0.16666666666666655 0.0
0.1666666666666666 0.0
0.1666666666666666 0.0
0.5000000000000001 0.0
0.3333333333333333 0.0
0.3333333333333335 0.0
0.5000000000000002 0.0
0.16666666666666663 0.0

0.16666666666666655 0.0
0.5000000000000003 0.0
0.3333333333333333 0.0
0.3333333333333334 0.0
0.5000000000000002 0.0
0.8333333333333343 0.0
0.16666666666666657 0.0
0.5000000000000003 0.0
0.3333333333333333 0.0
0.6666666666666673 0.0
0.16666666666666652 0.0
0.16666666666666655 0.0

0.3333333333333332 0.0
0.8333333333333339 0.0
0.16666666666666655 0.0
0.5000000000000003 0.0
0.16666666666666666 0.0
0.6666666666666671 0.0
0.33333333333333337 0.0
0.1666666666666666 0.0
0.5000000000000001 0.0
0.5000000000000002 0.0
0.16666666666666663 0.0
0.33333333333333337 0.0

0.5000000000000002 0.0
0.3333333333333334 0.0
0.16666666666666657 0.0
0.8333333333333341 0.0
0.3333333333333334 0.0
0.5000000000000003 0.0
0.5000000000000003 0.0
0.33333333333333326 0.0
0.16666666666666655 0.0
0.16666666666666657 0.0
0.6666666666666672 0.0
0.16666666666666652 0.0

0.1666666666666666 0.0
0.3333333333333333 0.0
0.16666666666666652 0.0
0.5000000000000002 0.0
0.3333333333333334 0.0
0.16666666666666657 0.0
0.16666666666666657 0.0
0.6666666666666672 0.0
0.5000000000000003 0.0
0.5000000000000002 0.0
0.33333333333333337 0.0
0.8333333333333341 0.0

0.6666666666666672 0.0
0.5000000000000003 0.0
0.1666666666666666 0.0
0.1666666666666666 0.0
0.5000000000000002 0.0
0.33333333333333337 0.0
0.33333333333333337 0.0
0.16666666666666652 0.0
0.1666666666666666 0.0
0.8333333333333339 0.0
0.5000000000000002 0.0
0.33333333333333337 0.0

0.16666666666666655 0.0
0.5000000000000003 0.0
0.33333333333333337 0.0
0.33333333333333337 0.0
0.5000000000000003 0.0
0.8333333333333343 0.0
0.16666666666666657 0.0
0.16666666666666646 0.0
0.6666666666666673 0.0
0.3333333333333333 0.0
0.5000000000000004 0.0
0.16666666666666657 0.0

0.5000000000000003 0.0
0.3333333333333333 0.0
0.1666666666666666 0.0
0.833333333333334 0.0
0.33333333333333337 0.0
0.5000000000000002 0.0
0.16666666666666646 0.0
0.6666666666666673 0.0
0.16666666666666663 0.0
0.16666666666666663 0.0
0.33333333333333326 0.0
0.5000000000000003 0.0

0.5000000000000003 0.0
0.6666666666666673 0.0
0.16666666666666663 0.0
0.1666666666666666 0.0
0.33333333333333326 0.0
0.5000000000000002 0.0
0.1666666666666665 0.0
0.33333333333333326 0.0
0.16666666666666657 0.0
0.833333333333334 0.0
0.3333333333333334 0.0
0.5000000000000003 0.0

0.5000000000000001 0.0
0.33333333333333337 0.0
0.1666666666666666 0.0
0.16666666666666663 0.0
0.6666666666666671 0.0
0.5000000000000002 0.0
0.16666666666666655 0.0
0.3333333333333333 0.0
0.8333333333333339 0.0
0.16666666666666666 0.0
0.33333333333333337 0.0
0.5000000000000001 0.0

0.1666666666666666 0.0
0.3333333333333333 0.0
0.5000000000000003 0.0
0.16666666666666644 0.0
0.33333333333333337 0.0
0.16666666666666657 0.0
0.16666666666666655 0.0
0.33333333333333337 0.0
0.5000000000000003 0.0
0.5000000000000003 0.0
0.6666666666666674 0.0
0.8333333333333343 0.0

0.16666666666666652 0.0
0.3333333333333334 0.0
0.16666666666666657 0.0
0.16666666666666652 0.0
0.33333333333333337 0.0
0.5000000000000003 0.0
0.5000000000000003 0.0
0.3333333333333333 0.0
0.8333333333333343 0.0
0.16666666666666655 0.0
0.6666666666666673 0.0
0.5000000000000003 0.0

0.33333333333333337 0.0
0.16666666666666652 0.0
0.16666666666666655 0.0
0.16666666666666655 0.0
0.5000000000000003 0.0
0.3333333333333333 0.0
0.6666666666666673 0.0
0.5000000000000003 0.0
0.1666666666666666 0.0
0.8333333333333343 0.0
0.5000000000000003 0.0
0.33333333333333337 0.0

0.1666666666666665 0.0
0.6666666666666675 0.0
0.5000000000000004 0.0
0.5000000000000004 0.0
0.3333333333333334 0.0
0.16666666666666655 0.0
0.8333333333333345 0.0
0.3333333333333333 0.0
0.5000000000000003 0.0
0.16666666666666644 0.0
0.3333333333333334 0.0
0.16666666666666655 0.0

0.5000000000000004 0.0
0.16666666666666655 0.0
0.6666666666666675 0.0
0.3333333333333333 0.0
0.16666666666666655 0.0
0.5000000000000003 0.0
0.16666666666666644 0.0
0.16666666666666655 0.0
0.33333333333333337 0.0
0.3333333333333334 0.0
0.8333333333333344 0.0
0.5000000000000006 0.0

0.6666666666666675 0.0
0.16666666666666657 0.0
0.16666666666666644 0.0
0.5000000000000004 0.0
0.8333333333333344 0.0
0.3333333333333333 0.0
0.3333333333333333 0.0
0.16666666666666657 0.0
0.5000000000000004 0.0
0.5000000000000003 0.0
0.16666666666666657 0.0
0.33333333333333337 0.0
